{
"highlevel": {
    "danceability": {
        "all": {
            "danceable": 0.0494553372264,
            "not_danceable": 0.950544655323
        },
        "probability": 0.950544655323,
        "value": "not_danceable"
    },
    "genre_electronic": {
        "all": {
            "ambient": 0.913623929024,
            "dnb": 0.0333788990974,
            "house": 0.0326393991709,
            "techno": 0.0110900942236,
            "trance": 0.00926770176739
        },
        "probability": 0.913623929024,
        "value": "ambient"
    },
    "genre_rosamerica": {
        "all": {
            "cla": 0.139998152852,
            "dan": 0.061578925699,
            "hip": 0.0949899926782,
            "jaz": 0.0372515879571,
            "pop": 0.185362890363,
            "rhy": 0.113369621336,
            "roc": 0.282272279263,
            "spe": 0.0851765573025
        },
        "probability": 0.282272279263,
        "value": "roc"
    },
    "genre_tzanetakis": {
        "all": {
            "blu": 0.0626870542765,
            "cla": 0.0348228886724,
            "cou": 0.104483813047,
            "dis": 0.0627374649048,
            "hip": 0.156886413693,
            "jaz": 0.313951909542,
            "met": 0.0448243469,
            "pop": 0.0784323960543,
            "reg": 0.0627435147762,
            "roc": 0.0784302055836
        },
        "probability": 0.313951909542,
        "value": "jaz"
    },
    "mood_acoustic": {
        "all": {
            "acoustic": 0.0290828216821,
            "not_acoustic": 0.970917165279
        },
        "probability": 0.970917165279,
        "value": "not_acoustic"
    },
    "mood_aggressive": {
        "all": {
            "aggressive": 2.65451383097e-10,
            "not_aggressive": 1
        },
        "probability": 1,
        "value": "not_aggressive"
    },
    "mood_electronic": {
        "all": {
            "electronic": 0.983327567577,
            "not_electronic": 0.0166724510491
        },
        "probability": 0.983327567577,
        "value": "electronic"
    },
    "mood_happy": {
        "all": {
            "happy": 0.0167234446853,
            "not_happy": 0.983276546001
        },
        "probability": 0.983276546001,
        "value": "not_happy"
    },
    "mood_party": {
        "all": {
            "not_party": 0.917508244514,
            "party": 0.0824917405844
        },
        "probability": 0.917508244514,
        "value": "not_party"
    },
    "mood_relaxed": {
        "all": {
            "not_relaxed": 0.0804163515568,
            "relaxed": 0.919583618641
        },
        "probability": 0.919583618641,
        "value": "relaxed"
    },
    "mood_sad": {
        "all": {
            "not_sad": 0.759065747261,
            "sad": 0.240934282541
        },
        "probability": 0.759065747261,
        "value": "not_sad"
    },
    "timbre": {
        "all": {
            "bright": 0.00438239285722,
            "dark": 0.995617628098
        },
        "probability": 0.995617628098,
        "value": "dark"
    },
    "tonal_atonal": {
        "all": {
            "atonal": 0.991701424122,
            "tonal": 0.00829855259508
        },
        "probability": 0.991701424122,
        "value": "atonal"
    },
    "voice_instrumental": {
        "all": {
            "instrumental": 0.856653630733,
            "voice": 0.143346339464
        },
        "probability": 0.856653630733,
        "value": "instrumental"
    }
},
"lowlevel": {
    "average_loudness": 0.41409149766,
    "barkbands_crest": {
        "dmean": 3.88742256165,
        "dmean2": 6.70046281815,
        "dvar": 10.0869016647,
        "dvar2": 29.0803318024,
        "max": 26.0709476471,
        "mean": 13.4243097305,
        "median": 13.0457334518,
        "min": 3.70082998276,
        "var": 21.4150238037
    },
    "barkbands_flatness_db": {
        "dmean": 0.0301929749548,
        "dmean2": 0.0531132332981,
        "dvar": 0.000867006601766,
        "dvar2": 0.00253416714258,
        "max": 0.408894717693,
        "mean": 0.227382779121,
        "median": 0.226201370358,
        "min": 0.0875516459346,
        "var": 0.00281083513983
    },
    "barkbands_kurtosis": {
        "dmean": 7.4859161377,
        "dmean2": 13.4174499512,
        "dvar": 198.008666992,
        "dvar2": 595.644226074,
        "max": 211.762878418,
        "mean": 12.1323022842,
        "median": 7.48419475555,
        "min": -1.4953840971,
        "var": 239.994171143
    },
    "barkbands_skewness": {
        "dmean": 0.801848351955,
        "dmean2": 1.39039123058,
        "dvar": 0.864982664585,
        "dvar2": 2.55334711075,
        "max": 11.821185112,
        "mean": 2.15118336678,
        "median": 2.18512487411,
        "min": -1.50414502621,
        "var": 2.88518404961
    },
    "barkbands_spread": {
        "dmean": 2.56484007835,
        "dmean2": 4.34303808212,
        "dvar": 7.80389213562,
        "dvar2": 22.147600174,
        "max": 41.1011238098,
        "mean": 7.95576000214,
        "median": 6.4354095459,
        "min": 0.583704054356,
        "var": 35.9935417175
    },
    "dissonance": {
        "dmean": 0.0299072619528,
        "dmean2": 0.0521895848215,
        "dvar": 0.00135567353573,
        "dvar2": 0.00385540444404,
        "max": 0.500000119209,
        "mean": 0.44994828105,
        "median": 0.467333585024,
        "min": 0.182876676321,
        "var": 0.00256693712436
    },
    "dynamic_complexity": 3.09809422493,
    "erbbands_crest": {
        "dmean": 2.86651039124,
        "dmean2": 5.09560680389,
        "dvar": 5.91795921326,
        "dvar2": 18.388507843,
        "max": 27.2752342224,
        "mean": 9.96770477295,
        "median": 8.49970626831,
        "min": 2.83678793907,
        "var": 27.8978633881
    },
    "erbbands_flatness_db": {
        "dmean": 0.0138309346512,
        "dmean2": 0.0242269914597,
        "dvar": 0.000157227768796,
        "dvar2": 0.000441488518845,
        "max": 0.382994920015,
        "mean": 0.204853802919,
        "median": 0.183676466346,
        "min": 0.113610833883,
        "var": 0.00317533663474
    },
    "erbbands_kurtosis": {
        "dmean": 1.78599488735,
        "dmean2": 3.18714046478,
        "dvar": 10.1650848389,
        "dvar2": 32.0035552979,
        "max": 60.2605400085,
        "mean": 2.70738196373,
        "median": 0.0781574249268,
        "min": -1.6713848114,
        "var": 41.9937553406
    },
    "erbbands_skewness": {
        "dmean": 0.448948472738,
        "dmean2": 0.772840499878,
        "dvar": 0.161856919527,
        "dvar2": 0.485823243856,
        "max": 5.17269563675,
        "mean": 0.766945660114,
        "median": 0.605378210545,
        "min": -1.9523473978,
        "var": 1.06597173214
    },
    "erbbands_spread": {
        "dmean": 4.76841831207,
        "dmean2": 8.16528224945,
        "dvar": 21.2500915527,
        "dvar2": 65.1963577271,
        "max": 66.8415145874,
        "mean": 28.5548114777,
        "median": 32.4505653381,
        "min": 1.95569622517,
        "var": 222.494445801
    },
    "hfc": {
        "dmean": 2.65086126328,
        "dmean2": 4.48334980011,
        "dvar": 9.5925359726,
        "dvar2": 24.9974155426,
        "max": 75.2023239136,
        "mean": 11.5644788742,
        "median": 8.53217220306,
        "min": 0.000692512083333,
        "var": 117.671478271
    },
    "melbands_crest": {
        "dmean": 3.9995303154,
        "dmean2": 6.82041168213,
        "dvar": 13.1527671814,
        "dvar2": 38.2040977478,
        "max": 36.4762039185,
        "mean": 15.9851312637,
        "median": 15.1660718918,
        "min": 6.32363033295,
        "var": 28.1470623016
    },
    "melbands_flatness_db": {
        "dmean": 0.0256244186312,
        "dmean2": 0.0439928472042,
        "dvar": 0.000433308858192,
        "dvar2": 0.00125067750923,
        "max": 0.48082229495,
        "mean": 0.324287682772,
        "median": 0.323883056641,
        "min": 0.138556748629,
        "var": 0.00344101060182
    },
    "melbands_kurtosis": {
        "dmean": 8.59245014191,
        "dmean2": 14.8272018433,
        "dvar": 147.847442627,
        "dvar2": 448.659240723,
        "max": 158.180847168,
        "mean": 19.2767105103,
        "median": 16.490901947,
        "min": -1.63666403294,
        "var": 364.40234375
    },
    "melbands_skewness": {
        "dmean": 0.711777150631,
        "dmean2": 1.21245455742,
        "dvar": 0.413155049086,
        "dvar2": 1.19678473473,
        "max": 8.78252601624,
        "mean": 2.83269953728,
        "median": 3.26515293121,
        "min": -1.29868471622,
        "var": 3.09546947479
    },
    "melbands_spread": {
        "dmean": 2.53057360649,
        "dmean2": 4.20650482178,
        "dvar": 7.56187725067,
        "dvar2": 19.2623901367,
        "max": 50.6322555542,
        "mean": 8.69124984741,
        "median": 7.1163854599,
        "min": 1.31690478325,
        "var": 42.8358650208
    },
    "pitch_salience": {
        "dmean": 0.107683211565,
        "dmean2": 0.185346469283,
        "dvar": 0.00779197597876,
        "dvar2": 0.0229144413024,
        "max": 0.839085519314,
        "mean": 0.532568454742,
        "median": 0.553537070751,
        "min": 0.0869050770998,
        "var": 0.0203561577946
    },
    "silence_rate_20dB": {
        "dmean": 0.0208816714585,
        "dmean2": 0.0418118461967,
        "dvar": 0.020445805043,
        "dvar2": 0.0540006384254,
        "max": 1,
        "mean": 0.986095011234,
        "median": 1,
        "min": 0,
        "var": 0.0137116899714
    },
    "silence_rate_30dB": {
        "dmean": 0.0580046400428,
        "dmean2": 0.116144016385,
        "dvar": 0.054640147835,
        "dvar2": 0.132851824164,
        "max": 1,
        "mean": 0.800695240498,
        "median": 1,
        "min": 0,
        "var": 0.159581512213
    },
    "silence_rate_60dB": {
        "dmean": 0.0150812063366,
        "dmean2": 0.0301974453032,
        "dvar": 0.0148533247411,
        "dvar2": 0.0362540446222,
        "max": 1,
        "mean": 0.0509849376976,
        "median": 0,
        "min": 0,
        "var": 0.0483839213848
    },
    "spectral_centroid": {
        "dmean": 107.495811462,
        "dmean2": 184.184127808,
        "dvar": 13621.5507812,
        "dvar2": 36222.1992188,
        "max": 2360.08813477,
        "mean": 589.93371582,
        "median": 510.693145752,
        "min": 237.691421509,
        "var": 99958.125
    },
    "spectral_complexity": {
        "dmean": 2.66357302666,
        "dmean2": 4.49593496323,
        "dvar": 6.27664375305,
        "dvar2": 16.9631309509,
        "max": 61,
        "mean": 17.0903816223,
        "median": 15,
        "min": 0,
        "var": 129.312805176
    },
    "spectral_decrease": {
        "dmean": 1.32817348231e-08,
        "dmean2": 2.36831780853e-08,
        "dvar": 7.95878933504e-16,
        "dvar2": 2.41316107959e-15,
        "max": -4.2136677177e-13,
        "mean": -2.04063468345e-08,
        "median": -9.66154267701e-09,
        "min": -3.08861331177e-07,
        "var": 1.0031595424e-15
    },
    "spectral_energy": {
        "dmean": 0.0502454787493,
        "dmean2": 0.0895781442523,
        "dvar": 0.0113486060873,
        "dvar2": 0.0344117842615,
        "max": 1.16736316681,
        "mean": 0.0780669599771,
        "median": 0.0372863300145,
        "min": 1.65314827427e-06,
        "var": 0.0143983876333
    },
    "spectral_energyband_high": {
        "dmean": 2.22020789806e-05,
        "dmean2": 3.20817925967e-05,
        "dvar": 4.12182421528e-09,
        "dvar2": 8.5701357122e-09,
        "max": 0.00252843182534,
        "mean": 8.46479597385e-05,
        "median": 2.69591510005e-05,
        "min": 9.3711338689e-10,
        "var": 6.43734523464e-08
    },
    "spectral_energyband_low": {
        "dmean": 0.0199693441391,
        "dmean2": 0.0341959856451,
        "dvar": 0.00161176547408,
        "dvar2": 0.00469167670235,
        "max": 0.414117217064,
        "mean": 0.0307588651776,
        "median": 0.010317065753,
        "min": 1.08257992792e-07,
        "var": 0.00268471729942
    },
    "spectral_energyband_middle_high": {
        "dmean": 0.000734287663363,
        "dmean2": 0.00116039917339,
        "dvar": 1.42427120409e-06,
        "dvar2": 3.44416139342e-06,
        "max": 0.0346087515354,
        "mean": 0.00274482066743,
        "median": 0.00166422466282,
        "min": 6.90250558932e-08,
        "var": 1.47075115819e-05
    },
    "spectral_energyband_middle_low": {
        "dmean": 0.00790694635361,
        "dmean2": 0.0136727914214,
        "dvar": 7.58451715228e-05,
        "dvar2": 0.000207920995308,
        "max": 0.0946684628725,
        "mean": 0.0205957330763,
        "median": 0.0180316008627,
        "min": 1.49661093474e-06,
        "var": 0.000242075693677
    },
    "spectral_entropy": {
        "dmean": 0.163185626268,
        "dmean2": 0.281120657921,
        "dvar": 0.0193747188896,
        "dvar2": 0.0531603805721,
        "max": 8.68250846863,
        "mean": 6.80817556381,
        "median": 6.90798807144,
        "min": 5.43969154358,
        "var": 0.260984092951
    },
    "spectral_flux": {
        "dmean": 0.0502765774727,
        "dmean2": 0.0817402079701,
        "dvar": 0.00570243550465,
        "dvar2": 0.0134829590097,
        "max": 0.897171258926,
        "mean": 0.140019804239,
        "median": 0.10495454073,
        "min": 0.0012857480906,
        "var": 0.0148402573541
    },
    "spectral_kurtosis": {
        "dmean": 4.29391431808,
        "dmean2": 7.28643321991,
        "dvar": 50.1170272827,
        "dvar2": 105.906166077,
        "max": 159.679580688,
        "mean": 15.5083780289,
        "median": 11.4772701263,
        "min": 1.58882761002,
        "var": 231.148040771
    },
    "spectral_rms": {
        "dmean": 0.00204735784791,
        "dmean2": 0.00359655497596,
        "dvar": 8.92495791049e-06,
        "dvar2": 2.68302010227e-05,
        "max": 0.0337474569678,
        "mean": 0.0070796594955,
        "median": 0.0060313269496,
        "min": 4.01600227633e-05,
        "var": 2.60414180957e-05
    },
    "spectral_rolloff": {
        "dmean": 118.157661438,
        "dmean2": 203.502288818,
        "dvar": 41201.4375,
        "dvar2": 105152.851562,
        "max": 2519.38476562,
        "mean": 420.00994873,
        "median": 279.931640625,
        "min": 21.533203125,
        "var": 115643.53125
    },
    "spectral_skewness": {
        "dmean": 0.330163389444,
        "dmean2": 0.554127395153,
        "dvar": 0.127813473344,
        "dvar2": 0.313089132309,
        "max": 10.303689003,
        "mean": 2.72853660583,
        "median": 2.46423625946,
        "min": 0.649239599705,
        "var": 1.38292181492
    },
    "spectral_spread": {
        "dmean": 282755.875,
        "dmean2": 457378.4375,
        "dvar": 518910410752,
        "dvar2": 415471763456,
        "max": 30639316,
        "mean": 2711543,
        "median": 2612855.25,
        "min": 669627.4375,
        "var": 1.60085324595e+12
    },
    "spectral_strongpeak": {
        "dmean": 0.282763153315,
        "dmean2": 0.50653553009,
        "dvar": 0.108299002051,
        "dvar2": 0.286090224981,
        "max": 2.94764852524,
        "mean": 0.469084888697,
        "median": 0.218138888478,
        "min": 0,
        "var": 0.397327691317
    },
    "zerocrossingrate": {
        "dmean": 0.00370006170124,
        "dmean2": 0.00510965613648,
        "dvar": 1.83660067705e-05,
        "dvar2": 3.59311125067e-05,
        "max": 0.10595703125,
        "mean": 0.021865721792,
        "median": 0.0205078125,
        "min": 0.0009765625,
        "var": 0.00011921015539
    },
    "barkbands": {
        "dmean": [0.0460005961359, 0.00547116948292, 0.00249606138095, 0.00337128760293, 0.00679892348126, 0.000917206984013, 0.000883681757841, 0.000363121042028, 0.000296059821267, 0.00024361263786, 0.000211603924981, 0.000138448333018, 0.000132373490487, 0.000137714130688, 0.000166648707818, 0.000146510792547, 0.00010704415763, 6.99006413925e-05, 5.20540052094e-05, 2.90899315587e-05, 8.58806015458e-06, 1.53515293277e-06, 5.92088917983e-06, 5.97737084718e-07, 4.9769528232e-07, 2.41037781734e-07, 3.68559909703e-07],
        "dmean2": [0.0822802558541, 0.0095603838563, 0.00442694220692, 0.00544070918113, 0.0121517004445, 0.00159163877834, 0.00151152035687, 0.000600998522714, 0.00052143028006, 0.000427178951213, 0.000353438284947, 0.000233170881984, 0.000225919051445, 0.000233364553424, 0.000276551785646, 0.000246832729317, 0.000185823824722, 0.000118632087833, 8.68664938025e-05, 4.56172820122e-05, 1.44871928569e-05, 2.55813438343e-06, 9.73573060037e-06, 1.05589549548e-06, 8.61948592501e-07, 3.97324100732e-07, 6.13389772752e-07],
        "dvar": [0.0109827527776, 0.000225931158639, 1.17867730296e-05, 2.11698552448e-05, 5.93168697378e-05, 1.37157542213e-06, 1.08018775791e-06, 2.42278673568e-07, 2.42508377823e-07, 1.38030586072e-07, 1.45744976976e-07, 7.23232105315e-08, 7.11638179496e-08, 6.6534447285e-08, 1.12644265471e-07, 7.63466090348e-08, 4.60956428583e-08, 2.8147004727e-08, 2.25348308902e-08, 1.20816974203e-08, 1.77707271121e-09, 9.7208048902e-12, 1.67153152431e-10, 2.8466421928e-12, 6.36025477077e-12, 2.87430452703e-13, 3.52318814314e-13],
        "dvar2": [0.0332508385181, 0.000697512528859, 3.39893740602e-05, 5.42352718185e-05, 0.00018057312991, 3.95746019421e-06, 3.1255981412e-06, 6.65093523367e-07, 7.18425042123e-07, 4.27707561812e-07, 4.15147184185e-07, 1.90403085298e-07, 1.73900360778e-07, 1.68795736499e-07, 2.88295069595e-07, 1.97641284672e-07, 1.29534143412e-07, 7.25421571701e-08, 5.82285224482e-08, 2.70007145531e-08, 5.03469532731e-09, 2.64753011181e-11, 4.07324646234e-10, 7.83182373121e-12, 1.8463583093e-11, 7.62223942817e-13, 9.20799027304e-13],
        "max": [1.09720504284, 0.186795771122, 0.0336053073406, 0.0404349341989, 0.0565269179642, 0.0128797730431, 0.00995264388621, 0.0119732348248, 0.00722501054406, 0.00383866112679, 0.0059201978147, 0.00558431632817, 0.00622540246695, 0.00541401421651, 0.00633219908923, 0.00454139709473, 0.00292635872029, 0.00371909653768, 0.00338875828311, 0.00387708796188, 0.000989246182144, 6.61309823045e-05, 0.000127954976051, 3.04775967379e-05, 5.21369147464e-05, 1.10431428766e-05, 1.87703117263e-05],
        "mean": [0.0448733083904, 0.00690841721371, 0.00291853491217, 0.00496473070234, 0.0114664109424, 0.00131767685525, 0.00127675128169, 0.000963178987149, 0.000490872655064, 0.000384610611945, 0.000429054169217, 0.000277331186226, 0.000257866893662, 0.000255681341514, 0.000323794956785, 0.000307721609715, 0.000235177823924, 0.000155894522322, 0.000124832775327, 9.01404564502e-05, 2.26549709623e-05, 4.99905945617e-06, 1.12240531962e-05, 1.85748399417e-06, 1.76889409431e-06, 1.27767270897e-06, 1.43839326938e-06],
        "median": [0.00392251787707, 0.00111212360207, 0.00162393017672, 0.00318441074342, 0.00952206458896, 0.000817166932393, 0.000955770490691, 0.000340107770171, 0.000232996739214, 0.000204680021852, 0.000172489890247, 0.000140652002301, 0.000108449348772, 9.74288705038e-05, 0.00015088521468, 0.000120904631331, 8.60613581608e-05, 5.32755075255e-05, 4.72398787679e-05, 1.37337910928e-05, 1.65781170836e-06, 3.2898290101e-06, 5.14083558301e-06, 1.32941192987e-06, 1.40536712934e-06, 1.25086205571e-06, 1.08498704776e-06],
        "min": [6.96216551077e-09, 6.91702553013e-08, 1.10813740406e-08, 4.6119630781e-08, 2.94027984182e-07, 4.42198881956e-07, 1.84073854825e-07, 4.55459485238e-07, 7.03152025494e-08, 1.68342868534e-08, 4.48006964859e-08, 8.0300051053e-09, 1.82653669967e-09, 4.12889250567e-10, 2.10770470521e-10, 2.15082202049e-10, 1.33314664863e-10, 1.3663897791e-10, 1.24553145575e-10, 1.06012018608e-10, 1.0079266588e-10, 1.32553718002e-10, 1.04830512326e-10, 1.05290068331e-10, 1.08184433634e-10, 1.48110829157e-10, 1.92337257232e-10],
        "var": [0.010616209358, 0.000255304941675, 1.33295588967e-05, 3.22947125824e-05, 0.000112234258268, 1.98943348551e-06, 1.47402283801e-06, 2.79193932329e-06, 4.40939970758e-07, 2.2044488901e-07, 6.85471150064e-07, 2.13891837575e-07, 2.61683339886e-07, 2.18636088789e-07, 3.25392278455e-07, 2.48977130468e-07, 1.47199699541e-07, 1.22838727634e-07, 1.0841697673e-07, 1.05581378307e-07, 8.31096969023e-09, 6.39682057324e-11, 3.71768671403e-10, 5.46018091852e-12, 7.08286337567e-12, 1.10112114739e-12, 4.16307873591e-12]
    },
    "erbbands": {
        "dmean": [0.445251256227, 0.61179381609, 1.92767846584, 8.07621860504, 13.4508419037, 32.6791610718, 12.6625127792, 6.59943342209, 14.6285734177, 7.39801263809, 7.05992174149, 7.17159366608, 7.38348054886, 6.58618164062, 7.32425403595, 5.65887880325, 6.09733390808, 6.58527135849, 7.21409654617, 8.47682094574, 7.88691282272, 5.73495578766, 3.50283646584, 3.26205348969, 1.81123137474, 1.53078365326, 0.467125535011, 0.291712403297, 0.0570516474545, 0.123511970043, 0.177749544382, 0.0237891506404, 0.00892848800868, 0.00687877694145, 0.00334614049643, 0.00141315744258, 0.000476194865769, 0.000196128239622, 7.55938017392e-05, 5.46387891518e-05],
        "dmean2": [0.790667831898, 1.06736040115, 3.36496829987, 13.3060894012, 23.1876945496, 58.7181091309, 22.322845459, 11.4761257172, 25.0863838196, 12.6779737473, 11.7033605576, 12.6265926361, 13.1526269913, 11.3875255585, 12.0732059479, 9.50702285767, 10.350186348, 11.1217241287, 12.379283905, 14.1998243332, 13.4140148163, 9.6836938858, 5.99725818634, 5.42884063721, 2.88529133797, 2.36667847633, 0.766818344593, 0.466754674911, 0.0929562747478, 0.199647903442, 0.293063849211, 0.042242012918, 0.0155138960108, 0.0121203148738, 0.00573235191405, 0.00240531773306, 0.00080853671534, 0.0003239949001, 0.000127389474073, 9.71683111857e-05],
        "dvar": [1.14078760147, 2.98216509819, 7.76813554764, 120.230560303, 266.649475098, 1513.6328125, 240.851730347, 87.6584854126, 304.829040527, 79.5342788696, 92.9672241211, 153.105697632, 142.131881714, 108.375175476, 165.467803955, 118.945373535, 158.322158813, 172.361862183, 193.713241577, 285.417938232, 226.695053101, 136.29196167, 66.2931594849, 81.8163452148, 40.5061416626, 38.1076049805, 4.03685092926, 2.14965009689, 0.0230057314038, 0.0507904551923, 0.163052752614, 0.00206847931258, 0.000923028565012, 0.00154437392484, 0.000156390378834, 1.43243050843e-05, 4.9287893944e-07, 8.78361632317e-08, 1.27211796652e-08, 1.30502852969e-08],
        "dvar2": [3.56954216957, 8.69013500214, 22.081615448, 305.913360596, 733.093566895, 4681.02246094, 697.327880859, 264.274810791, 877.083435059, 232.240875244, 251.451690674, 459.622955322, 436.791015625, 314.454956055, 453.999603271, 315.072601318, 372.219787598, 415.4793396, 531.821411133, 726.635986328, 585.40423584, 375.793701172, 160.506347656, 222.099502563, 91.4492721558, 81.775894165, 11.5371398926, 5.43789196014, 0.0591561235487, 0.142626702785, 0.384505540133, 0.00567316636443, 0.00255538034253, 0.00450651021674, 0.000445056939498, 3.94280104956e-05, 1.24919654354e-06, 2.2383652265e-07, 3.49357414109e-08, 3.96477553011e-08],
        "max": [12.2456264496, 24.7803821564, 27.6844654083, 103.652610779, 123.028945923, 261.200744629, 104.858573914, 140.279495239, 186.29234314, 83.8714828491, 234.072372437, 183.158233643, 143.527862549, 149.28024292, 216.591964722, 224.040817261, 327.01373291, 326.229888916, 233.055786133, 315.783996582, 256.03225708, 193.737792969, 189.656784058, 183.228897095, 162.156082153, 215.92175293, 58.1136245728, 34.4599227905, 3.95491909981, 3.38174009323, 3.96750330925, 0.843132436275, 0.552121222019, 0.873589098454, 0.213386878371, 0.0767833814025, 0.014270555228, 0.00957373529673, 0.00348349637352, 0.00127089791931],
        "mean": [0.532686948776, 0.77312707901, 2.55197358131, 12.6805524826, 25.1567668915, 45.8994483948, 17.7115077972, 10.3028278351, 20.1113758087, 16.3717327118, 17.6389331818, 11.6048488617, 11.8702888489, 13.3500709534, 16.2552242279, 11.5950489044, 11.9365653992, 13.1799259186, 14.5068292618, 17.5823974609, 17.4867916107, 13.1585206985, 8.54399013519, 7.90595054626, 5.34778690338, 4.22960424423, 1.43142926693, 0.733203649521, 0.180518940091, 0.302174091339, 0.313175857067, 0.0569499731064, 0.0297866165638, 0.0208472702652, 0.0122067332268, 0.00560295861214, 0.00243530422449, 0.000912311603315, 0.000285382411676, 0.000100768127595],
        "median": [0.0616713948548, 0.206980526447, 1.48200440407, 8.47778129578, 20.9063510895, 33.4717140198, 12.3910779953, 7.22260522842, 14.0299472809, 10.6037988663, 7.45903968811, 6.06627941132, 6.43124103546, 8.30134868622, 7.5159573555, 5.42451858521, 5.1956744194, 5.55148410797, 6.52953243256, 7.69406938553, 7.23827886581, 4.81456136703, 2.84972810745, 4.01446390152, 1.34513378143, 0.694678246975, 0.174252867699, 0.060772061348, 0.0968017950654, 0.186672061682, 0.132215902209, 0.043628513813, 0.0189255792648, 0.0141818467528, 0.0106092160568, 0.00533869629726, 0.00246354960836, 0.00077607476851, 0.000217283581151, 5.80897503824e-05],
        "min": [2.4212893095e-06, 1.34867777888e-05, 1.52066759256e-05, 9.23727420741e-05, 0.000286612368654, 0.00110021268483, 0.00350330630317, 0.00292919599451, 0.00233077583835, 0.00842873379588, 0.00539729557931, 0.00130343623459, 0.00103041611146, 0.0014276416041, 0.00102986698039, 0.000334388460033, 8.19554770715e-05, 2.37077802012e-05, 1.89933598449e-05, 1.164972673e-05, 1.05999406514e-05, 7.93927210907e-06, 7.35557387088e-06, 6.57005602989e-06, 6.10783718002e-06, 4.94474625157e-06, 4.11466726291e-06, 4.07049674322e-06, 4.9116365517e-06, 3.82615871786e-06, 2.93181415145e-06, 2.21864183914e-06, 1.64913660683e-06, 1.15379316412e-06, 8.52128778206e-07, 5.48141315448e-07, 2.95844614584e-07, 1.08272779187e-07, 3.32229674882e-08, 4.24004076294e-09],
        "var": [1.34913265705, 3.24286413193, 10.9978055954, 189.278717041, 536.285217285, 2190.83325195, 343.791229248, 118.546592712, 407.238311768, 254.266036987, 805.037597656, 243.92779541, 214.193313599, 262.661895752, 752.424194336, 363.511413574, 566.353881836, 665.862609863, 585.555053711, 887.754150391, 775.93359375, 481.594543457, 356.215057373, 288.008361816, 286.332214355, 242.764694214, 29.1159248352, 8.92662334442, 0.135057836771, 0.178873747587, 0.33448895812, 0.00354570010677, 0.0019104470266, 0.00148444320075, 0.000237632557401, 2.75420425169e-05, 3.64203128811e-06, 1.12839484245e-06, 1.35798003953e-07, 1.81595787296e-08]
    },
    "gfcc": {
        "mean": [-58.3572654724, 148.974487305, -87.3952941895, 12.003241539, -41.5156478882, -7.9306883812, -28.8081359863, -0.668346643448, -22.8481044769, -13.6335849762, -7.56447458267, -1.38026034832, -17.247385025],
        "cov": [[7493.75634766, -1037.25097656, -1766.20605469, 1023.67193604, 1982.73510742, 232.26222229, -942.520874023, -231.909347534, 202.218826294, 9.89715576172, -508.060394287, -34.8805999756, 477.320526123], [-1037.25097656, 532.081848145, 222.614212036, -273.401855469, -133.93699646, 20.1292152405, 124.878707886, 86.0651397705, 127.693321228, 19.6791400909, 78.9185409546, 36.4083709717, 25.7848072052], [-1766.20605469, 222.614212036, 706.838806152, -137.583297729, -532.14074707, -102.570587158, 213.707641602, 69.9461975098, -78.1766815186, -53.7888755798, 139.512420654, 10.3482608795, -147.826324463], [1023.67193604, -273.401855469, -137.583297729, 305.581573486, 245.970123291, -35.1731910706, -144.303833008, -60.4292564392, -41.6900138855, -27.5868930817, -82.2287216187, -22.4409332275, 34.2815246582], [1982.73510742, -133.93699646, -532.14074707, 245.970123291, 753.905517578, 105.2996521, -324.451019287, -65.3173522949, 118.090911865, -5.42770719528, -184.842422485, 3.6314060688, 184.600494385], [232.26222229, 20.1292152405, -102.570587158, -35.1731910706, 105.2996521, 125.829277039, -11.6859645844, -1.26523542404, 47.6985397339, 7.44472503662, -6.86868476868, 13.3291397095, 38.0831604004], [-942.520874023, 124.878707886, 213.707641602, -144.303833008, -324.451019287, -11.6859645844, 261.235168457, 69.9477157593, -40.8996887207, 21.388999939, 108.365020752, 19.7269020081, -59.5951919556], [-231.909347534, 86.0651397705, 69.9461975098, -60.4292564392, -65.3173522949, -1.26523542404, 69.9477157593, 78.1811523438, 38.3336753845, 16.160900116, 35.6015129089, 12.5130157471, -0.326089143753], [202.218826294, 127.693321228, -78.1766815186, -41.6900138855, 118.090911865, 47.6985397339, -40.8996887207, 38.3336753845, 164.676895142, 49.4327888489, -3.91976523399, 4.08667135239, 45.6176490784], [9.89715576172, 19.6791400909, -53.7888755798, -27.5868930817, -5.42770719528, 7.44472503662, 21.388999939, 16.160900116, 49.4327888489, 76.6589584351, 22.1684608459, -17.2640781403, 12.7162895203], [-508.060394287, 78.9185409546, 139.512420654, -82.2287216187, -184.842422485, -6.86868476868, 108.365020752, 35.6015129089, -3.91976523399, 22.1684608459, 92.4785232544, 23.8203201294, -29.6007156372], [-34.8805999756, 36.4083709717, 10.3482608795, -22.4409332275, 3.6314060688, 13.3291397095, 19.7269020081, 12.5130157471, 4.08667135239, -17.2640781403, 23.8203201294, 61.8204307556, 22.7492313385], [477.320526123, 25.7848072052, -147.826324463, 34.2815246582, 184.600494385, 38.0831604004, -59.5951919556, -0.326089143753, 45.6176490784, 12.7162895203, -29.6007156372, 22.7492313385, 114.080680847]],
        "icov": [[0.00113151536789, 0.000786996330135, 0.00137640419416, -0.00174550362863, -0.00109337596223, -0.00034391428926, 0.000676493509673, -0.000974158814643, -0.000672187423334, 0.000999258831143, -0.00131972401869, 0.000503601157106, -0.000654906558339], [0.000786996330135, 0.00966454204172, -0.00301452307031, 0.00760470656678, -0.00544401211664, 0.00448266929016, -0.00399150745943, 0.00304565182887, -0.007216647733, 0.00539967184886, -0.00415901606902, 0.00381934968755, -0.00598924793303], [0.00137640419416, -0.00301452307031, 0.00779870711267, -0.00657693296671, 0.00305921095423, -0.00130431121215, 0.00313431303948, -0.00445053447038, 0.000524078670423, 0.00485837785527, -0.00416009454057, 0.00102091394365, 0.00208001118153], [-0.00174550362863, 0.00760470656678, -0.00657693296671, 0.0181670319289, -0.00658348249272, 0.00823283102363, -0.00490134442225, 0.00651165889576, -0.00269760447554, 0.00307598547079, -0.0025767670013, 0.0045452490449, -0.00387341389433], [-0.00109337596223, -0.00544401211664, 0.00305921095423, -0.00658348249272, 0.0131648089737, -0.00587139232084, 0.00587236694992, -0.00332429911941, 0.0014480574755, -0.0032137541566, 0.0104590822011, -0.00571127934381, -0.000904862536117], [-0.00034391428926, 0.00448266929016, -0.00130431121215, 0.00823283102363, -0.00587139232084, 0.0156868938357, -0.0059052221477, 0.00607913080603, -0.0061094048433, 0.00648895325139, -0.00622715475038, 0.00377912074327, -0.00319139985368], [0.000676493509673, -0.00399150745943, 0.00313431303948, -0.00490134442225, 0.00587236694992, -0.0059052221477, 0.0161244850606, -0.0108470851555, 0.00754197267815, -0.00520490901545, -0.00223537744023, -0.0034726888407, 0.00214409828186], [-0.000974158814643, 0.00304565182887, -0.00445053447038, 0.00651165889576, -0.00332429911941, 0.00607913080603, -0.0108470851555, 0.027746219188, -0.0101143028587, 0.00297169736587, -0.00224421266466, 0.00121434789617, -0.00368482153863], [-0.000672187423334, -0.007216647733, 0.000524078670423, -0.00269760447554, 0.0014480574755, -0.0061094048433, 0.00754197267815, -0.0101143028587, 0.0199913531542, -0.0138545194641, 0.00379979447462, -0.00483289174736, 0.00504064792767], [0.000999258831143, 0.00539967184886, 0.00485837785527, 0.00307598547079, -0.0032137541566, 0.00648895325139, -0.00520490901545, 0.00297169736587, -0.0138545194641, 0.0372351892292, -0.0220325756818, 0.0203150380403, -0.00808499474078], [-0.00131972401869, -0.00415901606902, -0.00416009454057, -0.0025767670013, 0.0104590822011, -0.00622715475038, -0.00223537744023, -0.00224421266466, 0.00379979447462, -0.0220325756818, 0.0474472604692, -0.022645348683, 0.00358917214908], [0.000503601157106, 0.00381934968755, 0.00102091394365, 0.0045452490449, -0.00571127934381, 0.00377912074327, -0.0034726888407, 0.00121434789617, -0.00483289174736, 0.0203150380403, -0.022645348683, 0.0344412960112, -0.00991959497333], [-0.000654906558339, -0.00598924793303, 0.00208001118153, -0.00387341389433, -0.000904862536117, -0.00319139985368, 0.00214409828186, -0.00368482153863, 0.00504064792767, -0.00808499474078, 0.00358917214908, -0.00991959497333, 0.0221529696137]]
    },
    "melbands": {
        "dmean": [0.0043719438836, 0.000851532968227, 0.00135789474007, 0.00174346112181, 0.000613666197751, 0.000156057911227, 0.000203204443096, 8.05910167401e-05, 5.57061975996e-05, 4.48596547358e-05, 3.80547135137e-05, 2.80258536804e-05, 2.81040011032e-05, 1.57284503075e-05, 1.6040277842e-05, 1.32157929329e-05, 1.31354090627e-05, 1.21228476928e-05, 1.28743049572e-05, 1.02518670246e-05, 1.02214935396e-05, 6.98437861502e-06, 3.45920284417e-06, 4.02391606258e-06, 2.82229916593e-06, 1.94446033674e-06, 1.36518349336e-06, 1.01526177332e-06, 4.39724175294e-07, 2.54771293839e-07, 1.54248397166e-07, 3.29817879674e-08, 3.66683963193e-08, 9.77692806714e-08, 1.50617054828e-07, 2.9131385304e-08, 9.60090762447e-09, 6.45383657627e-09, 7.07065028749e-09, 6.31394758699e-09],
        "dmean2": [0.0076148416847, 0.00148205936421, 0.00225182645954, 0.00310501316562, 0.00108736439142, 0.000271270924713, 0.000348843925167, 0.000137322364026, 9.32125622057e-05, 7.84057338024e-05, 6.76099807606e-05, 4.82207797177e-05, 4.64554468635e-05, 2.66984552582e-05, 2.69844058494e-05, 2.28155786317e-05, 2.20817692025e-05, 2.1189047402e-05, 2.16827193071e-05, 1.729458927e-05, 1.72789841599e-05, 1.19462165458e-05, 5.87378372074e-06, 6.75200908518e-06, 4.74859098176e-06, 3.14344765684e-06, 2.22007565753e-06, 1.54627423399e-06, 7.15752321412e-07, 4.46336912319e-07, 2.54765268437e-07, 5.54195835889e-08, 5.93168820728e-08, 1.62194112363e-07, 2.46000439574e-07, 5.38808464512e-08, 1.66104268118e-08, 1.10448388213e-08, 1.1970486824e-08, 1.12262190655e-08],
        "dvar": [8.86634734343e-05, 1.78888899427e-06, 3.19534319715e-06, 4.01399120165e-06, 5.10833899625e-07, 4.33531042177e-08, 5.72200846705e-08, 9.81106040854e-09, 6.12233730379e-09, 5.8560232219e-09, 3.67073305085e-09, 1.83644144336e-09, 2.53601606381e-09, 7.89732002016e-10, 1.10423858946e-09, 7.11818493038e-10, 6.88552159733e-10, 5.26516719113e-10, 7.80312481297e-10, 4.19286189102e-10, 3.63121949176e-10, 1.93517049607e-10, 8.26037432899e-11, 9.7756330808e-11, 6.51206866209e-11, 3.51683335231e-11, 3.03282884917e-11, 1.57595932831e-11, 3.79117310462e-12, 1.63424753331e-12, 5.88079660923e-13, 7.17117659607e-15, 4.82183711972e-15, 3.59443919941e-14, 1.32801606626e-13, 2.19218585376e-15, 5.82533409887e-16, 4.46940005113e-16, 6.05264015482e-16, 1.45426292621e-15],
        "dvar2": [0.000265815295279, 5.07096365254e-06, 8.2783126345e-06, 1.20835666166e-05, 1.55776285737e-06, 1.28821284306e-07, 1.64303656902e-07, 2.79486496169e-08, 1.68447371607e-08, 1.77862151673e-08, 1.12915197192e-08, 5.35651745182e-09, 6.91320600765e-09, 2.03308503366e-09, 2.97661850723e-09, 1.87584370259e-09, 1.65747759961e-09, 1.50400381038e-09, 1.88470550277e-09, 1.19756793371e-09, 9.47071310264e-10, 5.28748822504e-10, 2.31706431819e-10, 2.67752958694e-10, 1.8011282743e-10, 7.9803226527e-11, 8.67864183296e-11, 3.35126267015e-11, 1.04194586986e-11, 4.66431624227e-12, 1.55566640299e-12, 2.0047199713e-14, 1.21133021352e-14, 9.86689029092e-14, 3.11345350543e-13, 6.4222736863e-15, 1.55638365355e-15, 1.21650946e-15, 1.74797721226e-15, 4.27581469444e-15],
        "max": [0.0852361097932, 0.0132249649614, 0.0163868330419, 0.0148671166971, 0.00558474985883, 0.0030599955935, 0.00242173415609, 0.00149388401769, 0.00153112935368, 0.00113518384751, 0.000709201442078, 0.000559497100767, 0.000880866486114, 0.000527082826011, 0.000591307471041, 0.000617987418082, 0.000621582672466, 0.000372010137653, 0.00050755252596, 0.000307955837343, 0.00031681774999, 0.000206150813028, 0.00022792998061, 0.000192595980479, 0.000153724016855, 0.000140479809488, 0.000133765817736, 0.000137480092235, 5.05849202455e-05, 2.3354023142e-05, 1.7009126168e-05, 1.64239941114e-06, 1.35395828238e-06, 2.42062014877e-06, 3.49120341525e-06, 8.57494967477e-07, 4.55610404515e-07, 3.70311767028e-07, 5.24346091879e-07, 8.42128486056e-07],
        "mean": [0.00563284102827, 0.00120175210759, 0.00229034014046, 0.00290242396295, 0.000865281501319, 0.000244102455326, 0.000287452479824, 0.000196914857952, 0.000130156098749, 7.0502217568e-05, 5.89181690884e-05, 5.30942561454e-05, 6.04987799306e-05, 3.22024643538e-05, 2.80418571492e-05, 2.53472662735e-05, 2.42967398663e-05, 2.21714199142e-05, 2.50124012382e-05, 2.085792039e-05, 2.07473076443e-05, 1.49759043779e-05, 7.68517202232e-06, 7.83943596616e-06, 6.35505011815e-06, 4.25339158028e-06, 3.56536656909e-06, 2.6322109079e-06, 9.89165982901e-07, 6.28805651104e-07, 3.12236437594e-07, 8.12824936247e-08, 1.06766187002e-07, 2.000298025e-07, 2.40545830366e-07, 5.5704919788e-08, 2.29457484124e-08, 1.93110825109e-08, 2.04725107977e-08, 1.64812110626e-08],
        "median": [0.000747884681914, 0.00063163950108, 0.00171392294578, 0.00243492028676, 0.000613371026702, 0.000171224106452, 0.000203668590984, 9.85673323157e-05, 5.9955236793e-05, 3.32145100401e-05, 3.1223618862e-05, 3.17261401506e-05, 2.47648586083e-05, 1.71343108377e-05, 1.1843345419e-05, 9.98134146357e-06, 9.77544186753e-06, 9.61891782936e-06, 1.09340935524e-05, 8.68477945914e-06, 8.21492722025e-06, 5.57724979444e-06, 2.19029061554e-06, 2.60101569438e-06, 3.29432941726e-06, 1.27770215386e-06, 4.84509826038e-07, 4.13663883592e-07, 1.22104523825e-07, 3.01955047632e-08, 3.19090460721e-08, 4.26113544449e-08, 7.84685383337e-08, 1.08115074227e-07, 7.68268932916e-08, 4.31358451181e-08, 1.77021810543e-08, 1.21190568692e-08, 1.15927907274e-08, 1.10351034976e-08],
        "min": [2.08441708338e-08, 1.15079519247e-08, 1.98206748792e-08, 4.33317985937e-08, 1.0928886951e-07, 7.17425976404e-08, 3.25851132743e-08, 1.04810041535e-07, 3.47525102029e-08, 8.08659272877e-09, 5.04459718442e-09, 5.3882378559e-09, 4.97802732369e-09, 1.15437737147e-09, 3.84280329779e-10, 1.02360113441e-10, 3.52242748858e-11, 3.3431916957e-11, 1.65689510723e-11, 1.55935941243e-11, 1.12271719699e-11, 8.13968337177e-12, 7.11242132898e-12, 6.18455937504e-12, 5.23609888087e-12, 4.68242111751e-12, 3.97745031355e-12, 3.14508401961e-12, 2.50164992888e-12, 2.48780423345e-12, 2.30107165961e-12, 2.61788160594e-12, 2.81994848479e-12, 1.9112114235e-12, 1.80417725031e-12, 1.44444059578e-12, 1.26894718691e-12, 1.167970126e-12, 1.01999214196e-12, 9.61099797837e-13],
        "var": [0.000127867140691, 3.01135469272e-06, 5.41327972314e-06, 7.44779299566e-06, 7.57107159188e-07, 6.33945873574e-08, 7.92715226794e-08, 6.32203764894e-08, 3.74959050475e-08, 9.53423207051e-09, 5.37926503341e-09, 4.02952560208e-09, 1.42761837907e-08, 2.56094323525e-09, 2.683924194e-09, 2.74945333167e-09, 2.30202257256e-09, 1.32733268821e-09, 2.1452029042e-09, 1.12613851577e-09, 1.12712672529e-09, 5.91409310413e-10, 3.20725918046e-10, 2.94529345357e-10, 1.87538387597e-10, 1.56409524221e-10, 1.62764260403e-10, 9.76256436802e-11, 1.49180459652e-11, 6.62174742122e-12, 1.67566308051e-12, 2.59599843521e-14, 2.18694962313e-14, 9.42308161838e-14, 2.52782522562e-13, 3.32991373224e-15, 8.04596067201e-16, 8.08385957305e-16, 1.12376030519e-15, 1.1869076702e-15]
    },
    "mfcc": {
        "mean": [-715.862182617, 190.894927979, 10.8785505295, 28.6554775238, 6.19688844681, -2.34953188896, 1.52550876141, 12.0063037872, -16.1287746429, 4.38023996353, -2.15428686142, -11.7885141373, 4.31189107895],
