{
"highlevel": {
    "danceability": {
        "all": {
            "danceable": 0.149067431688,
            "not_danceable": 0.850932538509
        },
        "probability": 0.850932538509,
        "value": "not_danceable"
    },
    "genre_electronic": {
        "all": {
            "ambient": 0.976761460304,
            "dnb": 0.00696683116257,
            "house": 0.00340494862758,
            "techno": 0.00915119424462,
            "trance": 0.00371557287872
        },
        "probability": 0.976761460304,
        "value": "ambient"
    },
    "genre_rosamerica": {
        "all": {
            "cla": 0.0542355291545,
            "dan": 0.00110507931095,
            "hip": 0.00545481033623,
            "jaz": 0.869306623936,
            "pop": 0.0144308423623,
            "rhy": 0.044802904129,
            "roc": 0.0043815583922,
            "spe": 0.00628264807165
        },
        "probability": 0.869306623936,
        "value": "jaz"
    },
    "genre_tzanetakis": {
        "all": {
            "blu": 0.0626611635089,
            "cla": 0.0348168574274,
            "cou": 0.104476325214,
            "dis": 0.0784339830279,
            "hip": 0.156923919916,
            "jaz": 0.313973933458,
            "met": 0.0448165275156,
            "pop": 0.0627357512712,
            "reg": 0.0627358853817,
            "roc": 0.0784256532788
        },
        "probability": 0.313973933458,
        "value": "jaz"
    },
    "mood_acoustic": {
        "all": {
            "acoustic": 0.994360804558,
            "not_acoustic": 0.00563920708373
        },
        "probability": 0.994360804558,
        "value": "acoustic"
    },
    "mood_aggressive": {
        "all": {
            "aggressive": 1.46032387571e-11,
            "not_aggressive": 1
        },
        "probability": 1,
        "value": "not_aggressive"
    },
    "mood_electronic": {
        "all": {
            "electronic": 0.0779905244708,
            "not_electronic": 0.922009468079
        },
        "probability": 0.922009468079,
        "value": "not_electronic"
    },
    "mood_happy": {
        "all": {
            "happy": 0.258233845234,
            "not_happy": 0.741766154766
        },
        "probability": 0.741766154766,
        "value": "not_happy"
    },
    "mood_party": {
        "all": {
            "not_party": 0.999577343464,
            "party": 0.000422680779593
        },
        "probability": 0.999577343464,
        "value": "not_party"
    },
    "mood_relaxed": {
        "all": {
            "not_relaxed": 0.0472208037972,
            "relaxed": 0.952779173851
        },
        "probability": 0.952779173851,
        "value": "relaxed"
    },
    "mood_sad": {
        "all": {
            "not_sad": 0.149723783135,
            "sad": 0.850276231766
        },
        "probability": 0.850276231766,
        "value": "sad"
    },
    "timbre": {
        "all": {
            "bright": 0.832109212875,
            "dark": 0.167890772223
        },
        "probability": 0.832109212875,
        "value": "bright"
    },
    "tonal_atonal": {
        "all": {
            "atonal": 0.0215473845601,
            "tonal": 0.97845262289
        },
        "probability": 0.97845262289,
        "value": "tonal"
    },
    "voice_instrumental": {
        "all": {
            "instrumental": 0.999998927116,
            "voice": 1.08532242393e-06
        },
        "probability": 0.999998927116,
        "value": "instrumental"
    }
},
"lowlevel": {
    "average_loudness": 0.919450104237,
    "barkbands_crest": {
        "dmean": 2.00104188919,
        "dmean2": 3.09995508194,
        "dvar": 6.12260437012,
        "dvar2": 14.6889696121,
        "max": 26.8850421906,
        "mean": 21.5347766876,
        "median": 22.4880180359,
        "min": 5.62263011932,
        "var": 18.153087616
    },
    "barkbands_flatness_db": {
        "dmean": 0.0284208003432,
        "dmean2": 0.0439455471933,
        "dvar": 0.00081133848289,
        "dvar2": 0.00173502508551,
        "max": 0.555362701416,
        "mean": 0.380248308182,
        "median": 0.403838485479,
        "min": 0.0394083894789,
        "var": 0.00793252326548
    },
    "barkbands_kurtosis": {
        "dmean": 16.922712326,
        "dmean2": 26.6134738922,
        "dvar": 641.757263184,
        "dvar2": 1819.2088623,
        "max": 356.111877441,
        "mean": 36.2594718933,
        "median": 25.2212619781,
        "min": -1.92107617855,
        "var": 1381.17407227
    },
    "barkbands_skewness": {
        "dmean": 1.24334812164,
        "dmean2": 1.90559923649,
        "dvar": 1.53176259995,
        "dvar2": 3.97206521034,
        "max": 17.527299881,
        "mean": 4.498087883,
        "median": 4.38936853409,
        "min": -5.49882745743,
        "var": 7.89782381058
    },
    "barkbands_spread": {
        "dmean": 2.05138778687,
        "dmean2": 3.29816818237,
        "dvar": 39.2249488831,
        "dvar2": 99.1356124878,
        "max": 93.9726486206,
        "mean": 3.97372245789,
        "median": 2.03045487404,
        "min": 0.261139303446,
        "var": 57.178527832
    },
    "dissonance": {
        "dmean": 0.0539039187133,
        "dmean2": 0.0947234854102,
        "dvar": 0.00287923496217,
        "dvar2": 0.00812662299722,
        "max": 0.499999910593,
        "mean": 0.397995114326,
        "median": 0.405218839645,
        "min": 0.158335864544,
        "var": 0.00588520057499
    },
    "dynamic_complexity": 9.25554847717,
    "erbbands_crest": {
        "dmean": 2.46708607674,
        "dmean2": 3.82277321815,
        "dvar": 10.0108184814,
        "dvar2": 22.1618347168,
        "max": 34.6310958862,
        "mean": 24.2070541382,
        "median": 26.7701148987,
        "min": 3.31703400612,
        "var": 63.9365234375
    },
    "erbbands_flatness_db": {
        "dmean": 0.0207685027272,
        "dmean2": 0.0320837199688,
        "dvar": 0.000590629817452,
        "dvar2": 0.0012352145277,
        "max": 0.551768064499,
        "mean": 0.406529724598,
        "median": 0.442613273859,
        "min": 0.0771591737866,
        "var": 0.0125515246764
    },
    "erbbands_kurtosis": {
        "dmean": 9.65312862396,
        "dmean2": 14.8569908142,
        "dvar": 205.898925781,
        "dvar2": 467.345794678,
        "max": 278.391845703,
        "mean": 21.7491950989,
        "median": 15.1004276276,
        "min": -1.77122831345,
        "var": 669.199829102
    },
    "erbbands_skewness": {
        "dmean": 0.822096824646,
        "dmean2": 1.2425917387,
        "dvar": 0.750713050365,
        "dvar2": 1.7418191433,
        "max": 10.4775562286,
        "mean": 3.35033679008,
        "median": 3.48485803604,
        "min": -9.0531206131,
        "var": 5.36434078217
    },
    "erbbands_spread": {
        "dmean": 2.44504475594,
        "dmean2": 3.86570358276,
        "dvar": 26.4900989532,
        "dvar2": 65.9191207886,
        "max": 68.672744751,
        "mean": 8.29188346863,
        "median": 4.19472074509,
        "min": 0.384980171919,
        "var": 127.594978333
    },
    "hfc": {
        "dmean": 5.42956590652,
        "dmean2": 7.63752841949,
        "dvar": 56.2328147888,
        "dvar2": 131.089401245,
        "max": 94.8132400513,
        "mean": 19.8474960327,
        "median": 15.2432641983,
        "min": 1.20670722416e-16,
        "var": 367.356201172
    },
    "melbands_crest": {
        "dmean": 2.65314126015,
        "dmean2": 4.18913030624,
        "dvar": 10.5222702026,
        "dvar2": 26.2997875214,
        "max": 38.478477478,
        "mean": 28.6734752655,
        "median": 29.8243713379,
        "min": 3.19949197769,
        "var": 28.0188484192
    },
    "melbands_flatness_db": {
        "dmean": 0.026758370921,
        "dmean2": 0.041198592633,
        "dvar": 0.000806251482572,
        "dvar2": 0.00164265418425,
        "max": 0.568550050259,
        "mean": 0.397719442844,
        "median": 0.416754573584,
        "min": 0.00845942553133,
        "var": 0.00625488627702
    },
    "melbands_kurtosis": {
        "dmean": 22.7535839081,
        "dmean2": 35.6254081726,
        "dvar": 775.259155273,
        "dvar2": 1969.13415527,
        "max": 276.9949646,
        "mean": 56.6645622253,
        "median": 41.6487236023,
        "min": -1.96225237846,
        "var": 2533.2109375
    },
    "melbands_skewness": {
        "dmean": 1.23926699162,
        "dmean2": 1.91855382919,
        "dvar": 1.32502150536,
        "dvar2": 3.30650448799,
        "max": 13.4763069153,
        "mean": 5.39720535278,
        "median": 5.29302692413,
        "min": -2.72811722755,
        "var": 8.20062351227
    },
    "melbands_spread": {
        "dmean": 2.90526390076,
        "dmean2": 4.54549074173,
        "dvar": 96.7331237793,
        "dvar2": 233.816650391,
        "max": 160.042755127,
        "mean": 6.07820177078,
        "median": 2.53559041023,
        "min": 0.382410377264,
        "var": 246.510009766
    },
    "pitch_salience": {
        "dmean": 0.0706156566739,
        "dmean2": 0.111890949309,
        "dvar": 0.00608165096492,
        "dvar2": 0.0139879062772,
        "max": 0.89504802227,
        "mean": 0.27574133873,
        "median": 0.251199424267,
        "min": 0.0390682667494,
        "var": 0.0200715493411
    },
    "silence_rate_20dB": {
        "dmean": 0,
        "dmean2": 0,
        "dvar": 0,
        "dvar2": 0,
        "max": 1,
        "mean": 1,
        "median": 1,
        "min": 1,
        "var": 0
    },
    "silence_rate_30dB": {
        "dmean": 0,
        "dmean2": 0,
        "dvar": 0,
        "dvar2": 0,
        "max": 1,
        "mean": 1,
        "median": 1,
        "min": 1,
        "var": 0
    },
    "silence_rate_60dB": {
        "dmean": 0.0348027832806,
        "dmean2": 0.0685249716043,
        "dvar": 0.0335915125906,
        "dvar2": 0.0731209591031,
        "max": 1,
        "mean": 0.283893406391,
        "median": 0,
        "min": 0,
        "var": 0.20329862833
    },
    "spectral_centroid": {
        "dmean": 107.322998047,
        "dmean2": 155.171051025,
        "dvar": 111887.507812,
        "dvar2": 157647.53125,
        "max": 10474.5917969,
        "mean": 1076.28564453,
        "median": 1046.14599609,
        "min": 514.25378418,
        "var": 302489.09375
    },
    "spectral_complexity": {
        "dmean": 0.573085844517,
        "dmean2": 0.99651569128,
        "dvar": 0.497558295727,
        "dvar2": 1.14400279522,
        "max": 9,
        "mean": 3.2815759182,
        "median": 4,
        "min": 0,
        "var": 3.60205364227
    },
    "spectral_decrease": {
        "dmean": 1.43739542491e-09,
        "dmean2": 2.0233930087e-09,
        "dvar": 3.72546762334e-18,
        "dvar2": 8.77326617392e-18,
        "max": 9.36707700973e-30,
        "mean": -5.21541254628e-09,
        "median": -4.68019667466e-09,
        "min": -2.28309495753e-08,
        "var": 2.26707789306e-17
    },
    "spectral_energy": {
        "dmean": 0.00591506203637,
        "dmean2": 0.00832447968423,
        "dvar": 6.31155417068e-05,
        "dvar2": 0.000148707025801,
        "max": 0.0925416275859,
        "mean": 0.0214843954891,
        "median": 0.0190489850938,
        "min": 1.09098329252e-20,
        "var": 0.000385855615605
    },
    "spectral_energyband_high": {
        "dmean": 1.32413770189e-05,
        "dmean2": 1.81671130122e-05,
        "dvar": 6.00485550173e-10,
        "dvar2": 1.1809790923e-09,
        "max": 0.000594557204749,
        "mean": 4.65528537461e-05,
        "median": 2.16087373701e-05,
        "min": 8.2606222236e-21,
        "var": 4.72239802818e-09
    },
    "spectral_energyband_low": {
        "dmean": 2.0927782316e-06,
        "dmean2": 3.79360335501e-06,
        "dvar": 5.87953210424e-12,
        "dvar2": 1.65163559912e-11,
        "max": 2.5845329219e-05,
        "mean": 3.08803373628e-06,
        "median": 2.21367986342e-06,
        "min": 1.2094339558e-22,
        "var": 7.9781025536e-12
    },
    "spectral_energyband_middle_high": {
        "dmean": 0.00410629808903,
        "dmean2": 0.0058958507143,
        "dvar": 4.52113963547e-05,
        "dvar2": 0.000103978898551,
        "max": 0.0837723612785,
        "mean": 0.0139450011775,
        "median": 0.00247317203321,
        "min": 1.17231314033e-21,
        "var": 0.000308333517751
    },
    "spectral_energyband_middle_low": {
        "dmean": 0.00247782096267,
        "dmean2": 0.00332025834359,
        "dvar": 3.45220760209e-05,
        "dvar2": 7.11327884346e-05,
        "max": 0.0920641720295,
        "mean": 0.00917234737426,
        "median": 0.000287478149403,
        "min": 4.15533377971e-22,
        "var": 0.000253273406997
    },
    "spectral_entropy": {
        "dmean": 0.251468926668,
        "dmean2": 0.371083438396,
        "dvar": 0.0760750845075,
        "dvar2": 0.156628847122,
        "max": 9.795835495,
        "mean": 5.97706842422,
        "median": 5.77715539932,
        "min": 4.2164478302,
        "var": 0.747706472874
    },
    "spectral_flux": {
        "dmean": 0.0226500686258,
        "dmean2": 0.0371986068785,
        "dvar": 0.000991801614873,
        "dvar2": 0.00260409992188,
        "max": 0.251502245665,
        "mean": 0.0388822518289,
        "median": 0.0273573175073,
        "min": 1.04450142979e-10,
        "var": 0.00150788144674
    },
    "spectral_kurtosis": {
        "dmean": 3.29079151154,
        "dmean2": 5.49491596222,
        "dvar": 8.89327716827,
        "dvar2": 23.347618103,
        "max": 47.4982032776,
        "mean": 9.99976921082,
        "median": 9.14979362488,
        "min": -1.19811439514,
        "var": 32.1590919495
    },
    "spectral_rms": {
        "dmean": 0.000590495765209,
        "dmean2": 0.000804826966487,
        "dvar": 4.88445948577e-07,
        "dvar2": 9.85394080999e-07,
        "max": 0.00950181670487,
        "mean": 0.00383382989094,
        "median": 0.00431095995009,
        "min": 3.26247449195e-12,
        "var": 6.2621120378e-06
    },
    "spectral_rolloff": {
        "dmean": 129.898376465,
        "dmean2": 217.95741272,
        "dvar": 365755.625,
        "dvar2": 632443.5625,
        "max": 18583.1542969,
        "mean": 969.167724609,
        "median": 904.39453125,
        "min": 21.533203125,
        "var": 1180163.375
    },
    "spectral_skewness": {
        "dmean": 0.330546289682,
        "dmean2": 0.539513409138,
        "dvar": 0.0798933580518,
        "dvar2": 0.194581732154,
        "max": 4.68314552307,
        "mean": 2.37689089775,
        "median": 2.39315867424,
        "min": 0.00979622080922,
        "var": 0.401861160994
    },
    "spectral_spread": {
        "dmean": 411223.90625,
        "dmean2": 619333.4375,
        "dvar": 1.22270908416e+12,
        "dvar2": 1.15988666778e+12,
        "max": 39942088,
        "mean": 3535457.25,
        "median": 3402114.75,
        "min": 1329957.375,
        "var": 2.45352942797e+12
    },
    "spectral_strongpeak": {
        "dmean": 0.81589359045,
        "dmean2": 1.23869919777,
        "dvar": 1.02799892426,
        "dvar2": 2.4243042469,
        "max": 11.455532074,
        "mean": 3.49212956429,
        "median": 3.05721855164,
        "min": 0,
        "var": 7.61647605896
    },
    "zerocrossingrate": {
        "dmean": 0.00362132489681,
        "dmean2": 0.004409275949,
        "dvar": 0.000137686176458,
        "dvar2": 0.000123311241623,
        "max": 0.49853515625,
        "mean": 0.0409058593214,
        "median": 0.04052734375,
        "min": 0.00146484375,
        "var": 0.000981985474937
    },
    "barkbands": {
        "dmean": [2.68798794423e-06, 9.62953777162e-07, 8.43662704142e-08, 2.28492886833e-08, 5.92936117982e-08, 1.13388473721e-07, 0.000124394762679, 0.000563380366657, 0.00122068426572, 0.00155402347445, 0.00303338631056, 8.90771698323e-05, 9.2621139629e-06, 0.000189913029317, 0.000105342180177, 0.000169029503013, 6.76355848555e-05, 3.92711663153e-05, 1.08870954136e-05, 7.93230537965e-06, 7.29715884518e-06, 3.08776861857e-06, 1.42188525842e-06, 6.71558325394e-07, 4.07963597127e-07, 2.99619131283e-07, 1.07617594836e-08],
        "dmean2": [4.58908971268e-06, 1.80619849743e-06, 1.49282456618e-07, 3.83571503448e-08, 9.84864172437e-08, 1.89486755175e-07, 0.000158686423674, 0.000736563524697, 0.00163936638273, 0.00194270198699, 0.00463358964771, 0.000125712016597, 1.22463434309e-05, 0.000274315389106, 0.000135285852593, 0.000220936053665, 8.72719319887e-05, 5.82835527894e-05, 1.58904040291e-05, 1.21689536172e-05, 1.0562935131e-05, 4.45159139417e-06, 2.21260688704e-06, 1.04857497263e-06, 5.72046531033e-07, 4.13204077176e-07, 1.85562374355e-08],
        "dvar": [1.19617033292e-11, 1.22892852578e-12, 4.19673383502e-14, 2.55334117836e-14, 2.52615745162e-13, 5.47654586611e-13, 7.068676382e-07, 3.77642777494e-06, 2.24268351303e-05, 1.43461384141e-05, 4.16515831603e-05, 1.79278956125e-07, 2.33038788267e-09, 5.03646731431e-07, 8.89571580842e-08, 4.52700874121e-07, 5.88293502801e-08, 7.85102738377e-09, 5.39697952995e-10, 3.33001348718e-10, 2.06306749462e-10, 4.19496520854e-11, 9.79243682669e-12, 1.01153200399e-12, 4.04834531783e-13, 2.80642398426e-13, 7.99216243316e-16],
        "dvar2": [3.07071694461e-11, 3.72667998891e-12, 1.08584128288e-13, 6.48524338615e-14, 6.39764662688e-13, 1.39264674012e-12, 1.07564142127e-06, 7.00800273989e-06, 4.41907905042e-05, 2.16131211346e-05, 0.000102508020063, 3.48172648046e-07, 3.56711638005e-09, 8.94514698757e-07, 1.36106635296e-07, 6.5355800416e-07, 1.07281813655e-07, 1.83384614161e-08, 1.03464936618e-09, 6.81754819265e-10, 3.69194508298e-10, 8.34326149834e-11, 2.4678880467e-11, 2.62311808559e-12, 7.79382417979e-13, 4.80159911397e-13, 2.17864116166e-15],
        "max": [3.2406700484e-05, 1.04459759314e-05, 3.96331597585e-06, 3.40702695212e-06, 1.06802835944e-05, 1.55146190082e-05, 0.0160187389702, 0.0316350013018, 0.0799091160297, 0.050842333585, 0.0741617307067, 0.00672429520637, 0.00126284873113, 0.0121700800955, 0.00768544711173, 0.0181930381805, 0.00362276379019, 0.0011911020847, 0.000301031104755, 0.000487760495162, 0.000281394837657, 9.72400739556e-05, 4.73165273434e-05, 1.77238216565e-05, 1.08877384264e-05, 1.23869012896e-05, 3.93297568735e-07],
        "mean": [3.45947114511e-06, 1.00157831184e-06, 9.93868169985e-08, 2.10341983831e-08, 6.41445936367e-08, 1.19804042242e-07, 0.000299767882098, 0.0019427355146, 0.0042088967748, 0.00485462835059, 0.00884574092925, 0.000119293188618, 1.72141972143e-05, 0.000344720843714, 0.00022550697031, 0.000325483037159, 0.000125214719446, 9.7760654171e-05, 2.108485387e-05, 1.78864556801e-05, 1.72721229319e-05, 7.28343457013e-06, 4.07574725614e-06, 2.23377742259e-06, 1.62572564477e-06, 1.20884533317e-06, 1.13985567651e-08],
        "median": [2.10032658288e-06, 6.53471147416e-07, 6.02652292514e-08, 1.08569890855e-08, 3.49365230079e-08, 5.72288705314e-08, 4.91223431709e-07, 5.87498959703e-07, 4.41428574049e-06, 3.29137219524e-05, 9.28765075514e-05, 1.06954644252e-06, 9.06755929009e-07, 5.42233328815e-06, 1.53759629029e-05, 8.46880629979e-06, 3.26740041601e-06, 9.65875460679e-06, 5.58877627554e-06, 5.56556460651e-06, 6.16005854681e-06, 3.52348229171e-06, 2.58201089309e-06, 1.44981959238e-06, 8.29002942737e-07, 4.39210623426e-07, 4.50311010702e-10],
        "min": [1.67915291455e-23, 6.24360561071e-23, 2.10938282167e-23, 4.16875975056e-23, 5.77082864843e-23, 3.82096044378e-23, 1.79452691427e-22, 3.50855038384e-23, 4.6752788181e-23, 9.57199909645e-23, 1.10311393356e-22, 4.39555126546e-23, 1.10306874761e-22, 4.87964270193e-23, 1.7403095771e-22, 8.69866191679e-23, 5.50662146079e-23, 1.61813408177e-22, 1.97784607174e-22, 2.28992386347e-22, 5.26594113457e-22, 4.16828977878e-22, 6.54987145394e-22, 1.06349143191e-21, 1.50020351638e-21, 1.92787891518e-21, 2.26770979281e-21],
        "var": [1.5570397402e-11, 1.19689436313e-12, 2.86998106758e-14, 1.39101292198e-14, 1.37062141693e-13, 3.04136625823e-13, 3.14066460305e-06, 2.91404248856e-05, 0.000163497723406, 9.79491160251e-05, 0.000253114907537, 3.16092837238e-07, 8.83641959604e-09, 1.4279894458e-06, 4.86269357225e-07, 1.32690661303e-06, 1.85565497191e-07, 3.98760207077e-08, 1.54383339446e-09, 1.62381752489e-09, 8.93322693596e-10, 1.23044588407e-10, 2.49821552334e-11, 6.31594125958e-12, 3.72131492288e-12, 2.73233627564e-12, 1.06973368508e-15]
    },
    "erbbands": {
        "dmean": [7.21771939425e-05, 6.6654101829e-05, 0.000100947676401, 7.63397401897e-05, 0.000107781852421, 0.000248190655839, 0.00070789369056, 0.0068873455748, 0.326835274696, 6.50643396378, 13.2002429962, 25.722026825, 51.8615722656, 50.7209968567, 118.419288635, 7.71751022339, 0.92128008604, 8.82455825806, 6.35689735413, 8.86187076569, 4.54825162888, 2.84505081177, 1.4657125473, 1.46059000492, 0.318191826344, 0.452224910259, 0.227552399039, 0.33763101697, 0.107722684741, 0.0744776949286, 0.0414095446467, 0.021501109004, 0.00775686977431, 0.00442119780928, 0.00344370491803, 0.00230093672872, 0.000304920424242, 3.10697178065e-05, 3.44703653354e-06, 6.99428073858e-06],
        "dmean2": [0.000135739901452, 0.000117675583169, 0.0001767668291, 0.000129537133034, 0.000176705769263, 0.000400134798838, 0.00106264161877, 0.00878088735044, 0.403583884239, 7.90016174316, 17.5974903107, 33.8580818176, 67.6959838867, 67.0362014771, 178.734283447, 11.3118419647, 1.24471366405, 12.9379987717, 8.71838569641, 11.3246269226, 5.95219516754, 3.70560789108, 2.1858727932, 2.18086266518, 0.443770289421, 0.692513346672, 0.331825226545, 0.483323037624, 0.154803261161, 0.11162147671, 0.0643593072891, 0.0343570299447, 0.012204952538, 0.0066429739818, 0.00489684334025, 0.00331728160381, 0.000438929186203, 4.81910392409e-05, 4.84011297885e-06, 9.82419260254e-06],
        "dvar": [6.03619287887e-09, 1.52423620392e-08, 5.41873106386e-08, 1.57458174499e-07, 8.04387468634e-07, 3.86104557037e-06, 1.30592588903e-05, 0.000957192853093, 3.32286548615, 831.531982422, 2255.52294922, 9787.296875, 25711.40625, 11775.4589844, 71644.1015625, 455.02722168, 7.50910520554, 1043.47924805, 287.026672363, 1330.17358398, 127.460113525, 95.4963531494, 9.99720668793, 7.99891757965, 0.438240259886, 1.04710292816, 0.235498338938, 0.60012370348, 0.0490135699511, 0.0285457987338, 0.00876175425947, 0.00105385226198, 0.000130516476929, 4.4867345423e-05, 3.25774890371e-05, 1.66950630955e-05, 3.24968453924e-07, 5.00889685284e-09, 2.24649483044e-11, 8.8171477064e-11],
        "dvar2": [1.86805397817e-08, 4.27387512048e-08, 1.41029417478e-07, 3.98996945705e-07, 2.03793001674e-06, 9.73972782958e-06, 3.1662722904e-05, 0.00145867129322, 4.94889211655, 1206.55969238, 4230.43408203, 17383.4570312, 50700.2695312, 15835.6865234, 180519.203125, 1041.4342041, 11.8642807007, 1885.72875977, 471.750732422, 1782.16699219, 220.770721436, 177.326431274, 23.1451911926, 18.7487277985, 0.766810417175, 2.09609174728, 0.401712596416, 1.08805155754, 0.0993468388915, 0.0652854666114, 0.0200879834592, 0.00270565832034, 0.000304555607727, 0.000100507037132, 6.76911222399e-05, 3.03989745589e-05, 5.62478760457e-07, 1.12749534154e-08, 5.03756029946e-11, 2.07418485165e-10],
        "max": [0.000796826265287, 0.00141792639624, 0.00429297005758, 0.00840623956174, 0.0190883614123, 0.0418656729162, 0.0725842267275, 0.591828286648, 34.9800720215, 509.815155029, 897.335021973, 2103.58300781, 2438.05737305, 1804.77807617, 3636.10473633, 400.167449951, 70.6313095093, 487.758850098, 390.770629883, 1082.04931641, 185.052764893, 161.530181885, 40.2065238953, 43.1090698242, 12.2835159302, 26.175075531, 9.09178924561, 16.1880111694, 3.05437994003, 2.78565454483, 1.5342656374, 0.52074432373, 0.152784049511, 0.0948579087853, 0.0889500305057, 0.092627197504, 0.0134130949154, 0.00118950009346, 6.4696847403e-05, 0.000107393585495],
        "mean": [7.86862219684e-05, 8.01056012278e-05, 0.000126561935758, 9.01673920453e-05, 0.000121434328321, 0.000360907753929, 0.0014099025866, 0.0191737376153, 0.915722489357, 20.7405128479, 46.3787345886, 93.1228256226, 176.375564575, 154.895706177, 336.779632568, 19.538848877, 2.04656767845, 15.7828836441, 15.102560997, 17.6394176483, 9.71147823334, 5.24610948563, 3.51845216751, 3.63234186172, 0.767966449261, 1.03700757027, 0.540047168732, 0.79159027338, 0.264283806086, 0.198853611946, 0.113901287317, 0.0643455833197, 0.0286086276174, 0.0160334464163, 0.0131409903988, 0.00892612710595, 0.00119611783884, 7.83202995081e-05, 1.35711516123e-05, 2.55779577856e-05],
        "median": [5.39126522199e-05, 5.1711267588e-05, 7.54269058234e-05, 5.71771670366e-05, 6.69076180202e-05, 0.000171790539753, 0.000358482328011, 0.00107829563785, 0.00639158161357, 0.0290719401091, 0.0705861672759, 1.1245303154, 5.6872215271, 40.7194442749, 6.39538908005, 0.988881349564, 0.548507213593, 0.804457902908, 1.6050144434, 1.95154368877, 1.12742316723, 0.513264238834, 0.791950166225, 0.894664049149, 0.421209901571, 0.316040068865, 0.258187144995, 0.226990714669, 0.125826582313, 0.0973611325026, 0.0685237273574, 0.0409650504589, 0.0190669354051, 0.00935237761587, 0.00574367307127, 0.00350643112324, 0.000385129736969, 1.79556227522e-05, 1.13013911687e-05, 2.23258048209e-05],
        "min": [1.60434587862e-21, 1.48399433066e-20, 2.56996970696e-20, 1.07666959441e-19, 7.52829095453e-20, 2.1068131228e-19, 2.92822453832e-19, 5.18288365865e-19, 2.67265095805e-18, 1.16397619454e-18, 1.06195308196e-18, 1.05293970841e-18, 1.5689788151e-18, 4.34615789882e-18, 3.77177402122e-18, 2.52718628425e-18, 4.10681608371e-18, 3.68719273563e-18, 4.82479479333e-18, 9.14707322863e-18, 3.78831763347e-18, 4.07644159802e-18, 9.14336580513e-18, 7.37439539743e-18, 9.95530396053e-18, 1.0077964092e-17, 2.24401510497e-17, 1.90945330354e-17, 1.56625821806e-17, 1.45804032919e-17, 1.95326293945e-17, 2.44189126587e-17, 1.52419658022e-17, 1.77258915744e-17, 1.05108260522e-17, 7.9172632801e-18, 3.40246124556e-18, 1.09111698882e-18, 3.27422022987e-19, 3.38695628782e-20],
        "var": [6.43306963255e-09, 1.20694023664e-08, 3.95558643618e-08, 8.89553746219e-08, 4.36163531958e-07, 2.19753246711e-06, 1.57141676027e-05, 0.00503877084702, 16.8555030823, 5268.88183594, 16078.0947266, 83893.703125, 179683, 66314.984375, 409743.15625, 2111.06494141, 28.7527160645, 2777.86132812, 1552.16638184, 3489.18994141, 555.075134277, 294.321685791, 44.3964233398, 38.1863059998, 1.70376205444, 4.9435968399, 0.772763311863, 2.61818742752, 0.156192317605, 0.0860783308744, 0.0219116955996, 0.00536263873801, 0.00101238559, 0.000339079473633, 0.000261460168986, 0.000143220589962, 2.91741594083e-06, 2.08119583789e-08, 1.61060415005e-10, 5.4793447557e-10]
    },
    "gfcc": {
        "mean": [-240.243209839, 14.7932224274, -206.221099854, -26.1619873047, -64.5997772217, 32.009223938, 5.86017560959, 37.9516639709, -0.213497504592, 1.48834133148, -12.186460495, 4.08333015442, 6.84334564209],
        "cov": [[17604.8339844, -5542.02734375, -5357.81103516, -3571.09619141, -696.875366211, 736.344238281, 1453.34484863, 1441.68847656, 202.862228394, -308.705200195, -1132.42553711, 136.783111572, 273.658325195], [-5542.02734375, 3403.53051758, 2207.44482422, 1074.76953125, -359.036987305, -995.006713867, -951.428527832, -498.609161377, 710.829223633, 612.272521973, 490.022216797, -700.912963867, -444.131896973], [-5357.81103516, 2207.44482422, 2013.8972168, 1139.5357666, -70.4468917847, -528.985778809, -636.669494629, -443.812438965, 188.634292603, 322.577758789, 456.571594238, -218.599441528, -259.450775146], [-3571.09619141, 1074.76953125, 1139.5357666, 1171.75158691, 216.800765991, -168.64680481, -308.914733887, -328.204864502, -148.563674927, 12.9896717072, 306.651763916, 93.7892150879, -86.3458633423], [-696.875366211, -359.036987305, -70.4468917847, 216.800765991, 424.961151123, 393.777801514, 157.439056396, -73.2285995483, -398.575775146, -258.347595215, -31.9823589325, 302.697296143, 195.552246094], [736.344238281, -995.006713867, -528.985778809, -168.64680481, 393.777801514, 753.35559082, 396.142608643, 44.4371795654, -559.085144043, -363.275390625, -191.467666626, 423.765441895, 341.45401001], [1453.34484863, -951.428527832, -636.669494629, -308.914733887, 157.439056396, 396.142608643, 431.675476074, 168.288269043, -306.562194824, -288.263458252, -160.647415161, 250.643966675, 210.027420044], [1441.68847656, -498.609161377, -443.812438965, -328.204864502, -73.2285995483, 44.4371795654, 168.288269043, 276.51184082, 81.830329895, -83.5252609253, -196.916885376, -54.3160400391, 24.5904865265], [202.862228394, 710.829223633, 188.634292603, -148.563674927, -398.575775146, -559.085144043, -306.562194824, 81.830329895, 682.510192871, 364.257537842, -12.0928373337, -510.869720459, -274.214141846], [-308.705200195, 612.272521973, 322.577758789, 12.9896717072, -258.347595215, -363.275390625, -288.263458252, -83.5252609253, 364.257537842, 384.270233154, 183.072845459, -261.713623047, -228.630218506], [-1132.42553711, 490.022216797, 456.571594238, 306.651763916, -31.9823589325, -191.467666626, -160.647415161, -196.916885376, -12.0928373337, 183.072845459, 399.355285645, 76.6044158936, -158.061706543], [136.783111572, -700.912963867, -218.599441528, 93.7892150879, 302.697296143, 423.765441895, 250.643966675, -54.3160400391, -510.869720459, -261.713623047, 76.6044158936, 523.546203613, 193.188079834], [273.658325195, -444.131896973, -259.450775146, -86.3458633423, 195.552246094, 341.45401001, 210.027420044, 24.5904865265, -274.214141846, -228.630218506, -158.061706543, 193.188079834, 269.332885742]],
        "icov": [[0.000840361579321, -5.75023077545e-05, 0.00216383091174, -4.67077916255e-05, 0.0018660586793, -0.000112550093036, 4.30380132457e-05, -0.000866014219355, 0.000458625465399, -0.000979582429864, 0.000456874928204, -0.000733567401767, 0.000383798818802], [-5.75023077545e-05, 0.00254798517562, -0.00191929645371, 8.62749220687e-06, 0.000190443461179, -0.00036259542685, 0.00137348752469, 0.00131819513626, -0.0015975428978, 0.00200753542595, -0.00209633260965, 0.00257421843708, -0.0014550818596], [0.00216383091174, -0.00191929645371, 0.00892365071923, -0.00167924293783, 0.00566398352385, -0.000642585684545, 0.000997220864519, -0.00286394776776, 0.00241576670669, -0.00312830344774, 0.00108441757038, -0.00238238018937, 0.00102971959859], [-4.67077916255e-05, 8.62749220687e-06, -0.00167924293783, 0.0033960188739, -0.00231433007866, 0.00135315465741, 0.000580106570851, 0.000450801249826, 0.000527505995706, 0.00120220636018, 2.2101938157e-05, -0.000507929828018, 0.000938999641221], [0.0018660586793, 0.000190443461179, 0.00566398352385, -0.00231433007866, 0.0133623760194, -0.00462225405499, 0.00244819768704, -0.000536030798685, 0.000312106392812, 0.00212243082933, -0.000890517025255, -0.0011018634541, -0.000182693038369], [-0.000112550093036, -0.00036259542685, -0.000642585684545, 0.00135315465741, -0.00462225405499, 0.00932952947915, -0.00361708784476, 0.000204992320505, 0.00500153005123, -0.00539824040607, 0.00512997759506, -0.00220527709462, -0.00123642780818], [4.30380132457e-05, 0.00137348752469, 0.000997220864519, 0.000580106570851, 0.00244819768704, -0.00361708784476, 0.0142196398228, -0.00453705620021, 0.00015713564062, 0.00738869514316, -0.00657140742987, 0.00257289013825, -0.0037683758419], [-0.000866014219355, 0.00131819513626, -0.00286394776776, 0.000450801249826, -0.000536030798685, 0.000204992320505, -0.00453705620021, 0.0134254405275, -0.00459247082472, 0.00402016239241, 0.00278994301334, 0.000465632299893, 0.00292110373266], [0.000458625465399, -0.0015975428978, 0.00241576670669, 0.000527505995706, 0.000312106392812, 0.00500153005123, 0.00015713564062, -0.00459247082472, 0.0143288355321, -0.00825329124928, 0.00481816008687, 0.00234158756211, 0.00185574812349], [-0.000979582429864, 0.00200753542595, -0.00312830344774, 0.00120220636018, 0.00212243082933, -0.00539824040607, 0.00738869514316, 0.00402016239241, -0.00825329124928, 0.0201171208173, -0.0107120610774, 0.00519371405244, -0.000486213393742], [0.000456874928204, -0.00209633260965, 0.00108441757038, 2.2101938157e-05, -0.000890517025255, 0.00512997759506, -0.00657140742987, 0.00278994301334, 0.00481816008687, -0.0107120610774, 0.0156549178064, -0.00822036713362, 0.00703914556652], [-0.000733567401767, 0.00257421843708, -0.00238238018937, -0.000507929828018, -0.0011018634541, -0.00220527709462, 0.00257289013825, 0.000465632299893, 0.00234158756211, 0.00519371405244, -0.00822036713362, 0.0132392374799, -0.0034482809715], [0.000383798818802, -0.0014550818596, 0.00102971959859, 0.000938999641221, -0.000182693038369, -0.00123642780818, -0.0037683758419, 0.00292110373266, 0.00185574812349, -0.000486213393742, 0.00703914556652, -0.0034482809715, 0.0146695710719]]
    },
    "melbands": {
        "dmean": [5.38732933819e-07, 5.53862378183e-08, 1.33981128414e-08, 1.17501164354e-08, 1.51828203343e-08, 2.48079210508e-08, 8.88717568159e-06, 8.06056777947e-05, 0.000120032578707, 0.000173362670466, 0.000252341123996, 0.00018731727323, 0.000462965574116, 6.27467670711e-05, 9.59609565143e-07, 9.75831881078e-07, 2.03028175747e-05, 1.04458977148e-05, 9.48253909883e-06, 1.49041061377e-05, 4.27414261139e-06, 4.30298268839e-06, 3.70352154277e-07, 2.57773717749e-06, 1.14927263439e-06, 2.57507934975e-07, 1.93680975258e-07, 3.55751581083e-07, 1.72501529505e-07, 1.7884393344e-07, 1.93084588318e-07, 6.15786248659e-08, 7.56724602979e-08, 3.69631969477e-08, 2.88587713726e-08, 1.83941466503e-08, 1.25578081267e-08, 6.36247143859e-09, 5.05516828397e-09, 3.89909082799e-09],
        "dmean2": [9.91262481875e-07, 9.56941619279e-08, 2.27217675786e-08, 1.93582572194e-08, 2.5624169453e-08, 4.10728944189e-08, 1.13133446575e-05, 9.46036743699e-05, 0.00016278840485, 0.000227998578339, 0.000327808520524, 0.000237312706304, 0.000698331161402, 9.39794190344e-05, 1.31395358949e-06, 1.23154575249e-06, 2.97900605801e-05, 1.4673943042e-05, 1.17554172903e-05, 1.94937510969e-05, 5.53286918148e-06, 5.59076397622e-06, 5.8593036556e-07, 3.87926775147e-06, 1.72188890701e-06, 3.78715157012e-07, 2.87497044837e-07, 5.49545802642e-07, 2.59565126726e-07, 2.56459742332e-07, 2.84946850115e-07, 8.87389006721e-08, 1.09297168649e-07, 5.83136348098e-08, 4.54458977117e-08, 2.88266814863e-08, 2.04917380842e-08, 1.04016155689e-08, 8.19212964132e-09, 6.10527939315e-09],
        "dvar": [3.65952331372e-13, 1.59293236289e-14, 6.60249646297e-15, 1.03001501845e-14, 1.31298771971e-14, 2.44311644212e-14, 3.56286156133e-09, 1.10593262548e-07, 1.81282899803e-07, 4.26399168418e-07, 6.39109600797e-07, 2.01253982368e-07, 9.89695308817e-07, 5.38937321437e-08, 1.62505026796e-11, 1.77611276381e-11, 5.7327746994e-09, 8.66136939948e-10, 6.70697830607e-10, 3.49680617795e-09, 1.29077401545e-10, 2.41596270767e-10, 1.72826379943e-12, 3.65210257869e-11, 5.25452728203e-12, 3.30635773751e-13, 1.96822484526e-13, 8.06716943681e-13, 1.59387436517e-13, 1.41074475777e-13, 1.90457811198e-13, 1.61900268176e-14, 5.2155277845e-14, 8.70673975625e-15, 6.31459970508e-15, 7.60495879138e-16, 3.83822524485e-16, 9.32751821249e-17, 6.4751599089e-17, 3.35621849924e-17],
        "dvar2": [1.06901694528e-12, 4.23008219977e-14, 1.67145570523e-14, 2.60414655335e-14, 3.34630225276e-14, 6.20497509168e-14, 5.43667999509e-09, 1.61403832522e-07, 3.43574356521e-07, 7.76185515861e-07, 1.25253143324e-06, 2.51654086014e-07, 2.42179476118e-06, 1.1790701393e-07, 2.71370044491e-11, 2.72405657059e-11, 1.0334736622e-08, 1.49362211488e-09, 9.21818510413e-10, 5.12895237392e-09, 2.43354114637e-10, 4.44315750858e-10, 3.78631674625e-12, 8.03839633745e-11, 1.17880418968e-11, 6.76117961531e-13, 3.61372824026e-13, 1.63736168721e-12, 2.79849575588e-13, 2.33364434547e-13, 3.82391411287e-13, 3.20567038897e-14, 1.05277284557e-13, 2.27441932746e-14, 1.46791893961e-14, 1.89101312496e-15, 9.94921723471e-16, 2.32990097018e-16, 1.62741088666e-16, 7.6029981748e-17],
        "max": [6.2738458837e-06, 2.04936077353e-06, 1.73040007212e-06, 2.15552722693e-06, 2.41176712734e-06, 3.26635131387e-06, 0.00110185611993, 0.00521762436256, 0.00753797730431, 0.0125139337033, 0.011880540289, 0.00741477916017, 0.0122830802575, 0.00431633088738, 7.91763013694e-05, 0.000114551607112, 0.00116421619896, 0.000510575482622, 0.000591846415773, 0.00156280840747, 0.000149019426317, 0.000249827833613, 2.35289371631e-05, 8.21811263449e-05, 3.35728582286e-05, 7.79405490903e-06, 9.89389718598e-06, 2.50309494731e-05, 6.5115086727e-06, 7.9538576756e-06, 7.48609363654e-06, 1.90470098005e-06, 4.09983067584e-06, 1.59986859671e-06, 1.27707721731e-06, 3.33920837647e-07, 2.83518431843e-07, 1.16243995762e-07, 1.00498375843e-07, 8.66662119847e-08],
        "mean": [7.16795909739e-07, 7.27942079948e-08, 1.56754254022e-08, 1.25352253022e-08, 1.61223923101e-08, 2.61396699841e-08, 2.13781222556e-05, 0.000252330006333, 0.00042072677752, 0.000608070578892, 0.000850331620313, 0.000525353010744, 0.00132870068774, 0.000132064204081, 1.64165771821e-06, 1.79902690434e-06, 3.58054312528e-05, 2.4841625418e-05, 1.83037373063e-05, 2.97631013382e-05, 8.69150608196e-06, 7.63167372497e-06, 5.13692612003e-07, 6.26364817435e-06, 2.63321317107e-06, 5.47813726826e-07, 3.84172665235e-07, 7.8496009337e-07, 3.40790478504e-07, 3.83882394317e-07, 4.35486185779e-07, 1.29693816575e-07, 1.56040059096e-07, 8.79732979797e-08, 6.77779468106e-08, 5.07068946831e-08, 3.44504798022e-08, 2.00611260937e-08, 1.5611078652e-08, 1.23747412317e-08],
        "median": [5.09658377723e-07, 4.57215527661e-08, 1.00200994169e-08, 6.72318911654e-09, 9.07959929464e-09, 1.22826486759e-08, 6.41383692823e-08, 1.7748487835e-07, 8.68988649927e-08, 1.33418745918e-06, 2.3384452561e-06, 4.20622636739e-05, 1.73105090653e-05, 9.08284278012e-07, 5.82043426789e-08, 1.20510151191e-07, 6.15079443378e-07, 1.13135104129e-06, 1.77266065293e-06, 7.06912146597e-07, 3.43780101275e-07, 2.06219525012e-07, 1.10614962523e-07, 5.00297971939e-07, 5.40060625553e-07, 1.78491873726e-07, 1.69810149941e-07, 1.71678038896e-07, 1.30096879047e-07, 1.26025739178e-07, 1.05915511028e-07, 6.68834374551e-08, 5.90006195011e-08, 4.88854894343e-08, 3.95631651884e-08, 3.22433777455e-08, 2.09338253399e-08, 1.27328476651e-08, 9.66474988928e-09, 7.31893345929e-09],
        "min": [1.73489098621e-23, 1.56550377497e-23, 1.58781355023e-23, 9.45445535058e-24, 1.10059199258e-23, 1.21134546043e-23, 3.86495332319e-23, 9.58050822349e-24, 9.58019662343e-24, 6.45244123146e-24, 7.9552859425e-24, 1.75163676773e-23, 1.46503949879e-23, 6.29707625947e-24, 7.00278846427e-24, 1.06122641346e-23, 6.20164854463e-24, 4.96015187376e-24, 1.630233441e-23, 8.3627034122e-24, 3.2932430271e-24, 3.41728785457e-24, 6.89834643586e-24, 7.53057664177e-24, 5.64176792778e-24, 8.51184466608e-24, 5.72114192877e-24, 6.44703753426e-24, 1.34616068473e-23, 1.5018535862e-23, 9.1584132078e-24, 9.22184866863e-24, 7.62068743411e-24, 8.85802207484e-24, 1.09239793658e-23, 1.59468863079e-23, 1.28129888449e-23, 8.56478827687e-24, 1.38373886281e-23, 1.56355355304e-23],
        "var": [4.58935190198e-13, 1.1835848023e-14, 3.65475319686e-15, 5.55679320849e-15, 7.16974849852e-15, 1.37652171291e-14, 1.57644883814e-08, 7.51543552724e-07, 1.3131251535e-06, 3.45645366906e-06, 4.51454752692e-06, 1.08730296233e-06, 5.88083457842e-06, 2.13051038145e-07, 4.8719694945e-11, 7.03638466937e-11, 1.53172496908e-08, 4.07375866374e-09, 2.53796716976e-09, 1.1272711653e-08, 4.69093042188e-10, 7.3979955495e-10, 2.64131750326e-12, 1.79427986358e-10, 2.12795510379e-11, 1.30687051892e-12, 4.61707386733e-13, 4.07315197196e-12, 5.22860671859e-13, 5.80330542736e-13, 7.84516982627e-13, 4.29478298086e-14, 1.19063694451e-13, 1.54639484811e-14, 1.06291284639e-14, 3.26312751369e-15, 1.61788269244e-15, 5.09160133743e-16, 3.44185379491e-16, 2.06595451886e-16]
    },
    "mfcc": {
        "mean": [-876.698852539, 41.2191123962, -65.9501342773, -26.0235099792, -29.3467922211, -3.09269785881, 7.64464139938, 30.5208740234, 31.5444374084, 23.0243988037, 1.8644837141, -4.18625497818, 7.57544994354],
