{
"highlevel": {
    "danceability": {
        "all": {
            "danceable": 0.148582339287,
            "not_danceable": 0.851417660713
        },
        "probability": 0.851417660713,
        "value": "not_danceable"
    },
    "genre_electronic": {
        "all": {
            "ambient": 0.976693272591,
            "dnb": 0.00698307016864,
            "house": 0.00341496081091,
            "techno": 0.00917973741889,
            "trance": 0.0037289832253
        },
        "probability": 0.976693272591,
        "value": "ambient"
    },
    "genre_rosamerica": {
        "all": {
            "cla": 0.0540414080024,
            "dan": 0.001101842965,
            "hip": 0.00541938655078,
            "jaz": 0.869820833206,
            "pop": 0.0143960220739,
            "rhy": 0.0445922426879,
            "roc": 0.00438047945499,
            "spe": 0.00624781334773
        },
        "probability": 0.869820833206,
        "value": "jaz"
    },
    "genre_tzanetakis": {
        "all": {
            "blu": 0.0626611635089,
            "cla": 0.0348168611526,
            "cou": 0.104476317763,
            "dis": 0.0784339532256,
            "hip": 0.156923919916,
            "jaz": 0.313973963261,
            "met": 0.0448165275156,
            "pop": 0.0627357512712,
            "reg": 0.0627358853817,
            "roc": 0.0784256532788
        },
        "probability": 0.313973963261,
        "value": "jaz"
    },
    "mood_acoustic": {
        "all": {
            "acoustic": 0.994355559349,
            "not_acoustic": 0.00564446533099
        },
        "probability": 0.994355559349,
        "value": "acoustic"
    },
    "mood_aggressive": {
        "all": {
            "aggressive": 1.46433871973e-11,
            "not_aggressive": 1
        },
        "probability": 1,
        "value": "not_aggressive"
    },
    "mood_electronic": {
        "all": {
            "electronic": 0.0780328512192,
            "not_electronic": 0.921967148781
        },
        "probability": 0.921967148781,
        "value": "not_electronic"
    },
    "mood_happy": {
        "all": {
            "happy": 0.258360356092,
            "not_happy": 0.74163967371
        },
        "probability": 0.74163967371,
        "value": "not_happy"
    },
    "mood_party": {
        "all": {
            "not_party": 0.999574661255,
            "party": 0.000425363425165
        },
        "probability": 0.999574661255,
        "value": "not_party"
    },
    "mood_relaxed": {
        "all": {
            "not_relaxed": 0.0472216382623,
            "relaxed": 0.952778339386
        },
        "probability": 0.952778339386,
        "value": "relaxed"
    },
    "mood_sad": {
        "all": {
            "not_sad": 0.149780422449,
            "sad": 0.850219547749
        },
        "probability": 0.850219547749,
        "value": "sad"
    },
    "timbre": {
        "all": {
            "bright": 0.830988526344,
            "dark": 0.169011458755
        },
        "probability": 0.830988526344,
        "value": "bright"
    },
    "tonal_atonal": {
        "all": {
            "atonal": 0.0219200439751,
            "tonal": 0.978079974651
        },
        "probability": 0.978079974651,
        "value": "tonal"
    },
    "voice_instrumental": {
        "all": {
            "instrumental": 0.999998927116,
            "voice": 1.04764467324e-06
        },
        "probability": 0.999998927116,
        "value": "instrumental"
    }
},
"lowlevel": {
    "average_loudness": 0.919450104237,
    "barkbands_crest": {
        "dmean": 2.0006043911,
        "dmean2": 3.09911513329,
        "dvar": 6.12403059006,
        "dvar2": 14.6922750473,
        "max": 26.8850421906,
        "mean": 21.5356140137,
        "median": 22.4880180359,
        "min": 5.6226477623,
        "var": 18.1277103424
    },
    "barkbands_flatness_db": {
        "dmean": 0.0284221544862,
        "dmean2": 0.0439301282167,
        "dvar": 0.000811279111076,
        "dvar2": 0.00173522124533,
        "max": 0.555362701416,
        "mean": 0.380263656378,
        "median": 0.403838485479,
        "min": 0.0394083224237,
        "var": 0.00792323518544
    },
    "barkbands_kurtosis": {
        "dmean": 16.9219207764,
        "dmean2": 26.6142635345,
        "dvar": 641.781982422,
        "dvar2": 1819.16967773,
        "max": 356.111877441,
        "mean": 36.2586860657,
        "median": 25.2212619781,
        "min": -1.92107617855,
        "var": 1381.22485352
    },
    "barkbands_skewness": {
        "dmean": 1.24303376675,
        "dmean2": 1.90591394901,
        "dvar": 1.53242635727,
        "dvar2": 3.97234082222,
        "max": 17.527299881,
        "mean": 4.49840211868,
        "median": 4.38936853409,
        "min": -5.49882745743,
        "var": 7.89379930496
    },
    "barkbands_spread": {
        "dmean": 2.05936861038,
        "dmean2": 3.29017949104,
        "dvar": 39.2490615845,
        "dvar2": 98.7757720947,
        "max": 93.9726486206,
        "mean": 3.96575093269,
        "median": 2.03045487404,
        "min": 0.261139303446,
        "var": 56.8355560303
    },
    "dissonance": {
        "dmean": 0.0539135150611,
        "dmean2": 0.0947310626507,
        "dvar": 0.00287924334407,
        "dvar2": 0.00812546536326,
        "max": 0.499999910593,
        "mean": 0.398005366325,
        "median": 0.405218839645,
        "min": 0.158335864544,
        "var": 0.00588690675795
    },
    "dynamic_complexity": 9.25554847717,
    "erbbands_crest": {
        "dmean": 2.46815347672,
        "dmean2": 3.82170414925,
        "dvar": 10.0089406967,
        "dvar2": 22.1666221619,
        "max": 34.6310958862,
        "mean": 24.2059879303,
        "median": 26.7701148987,
        "min": 2.87196612358,
        "var": 63.981010437
    },
    "erbbands_flatness_db": {
        "dmean": 0.0207629781216,
        "dmean2": 0.0320615321398,
        "dvar": 0.00059075379977,
        "dvar2": 0.0012354857754,
        "max": 0.551768064499,
        "mean": 0.406551837921,
        "median": 0.442613273859,
        "min": 0.0771590918303,
        "var": 0.0125378696248
    },
    "erbbands_kurtosis": {
        "dmean": 9.65255641937,
        "dmean2": 14.8562173843,
        "dvar": 205.909637451,
        "dvar2": 467.367706299,
        "max": 278.391845703,
        "mean": 21.7484226227,
        "median": 15.1004276276,
        "min": -1.77122831345,
        "var": 669.233581543
    },
    "erbbands_skewness": {
        "dmean": 0.82186883688,
        "dmean2": 1.24304151535,
        "dvar": 0.750999629498,
        "dvar2": 1.7420142889,
        "max": 10.4775562286,
        "mean": 3.35078573227,
        "median": 3.48485803604,
        "min": -9.0531206131,
        "var": 5.36065721512
    },
    "erbbands_spread": {
        "dmean": 2.45078134537,
        "dmean2": 3.85971260071,
        "dvar": 26.4916305542,
        "dvar2": 65.9161376953,
        "max": 68.672744751,
        "mean": 8.28590297699,
        "median": 4.19472074509,
        "min": 0.384980171919,
        "var": 127.241470337
    },
    "hfc": {
        "dmean": 5.42956590652,
        "dmean2": 7.63752841949,
        "dvar": 56.2328147888,
        "dvar2": 131.089401245,
        "max": 94.8132400513,
        "mean": 19.8474960327,
        "median": 15.2432641983,
        "min": 1.18537536113e-16,
        "var": 367.356201172
    },
    "melbands_crest": {
        "dmean": 2.65335035324,
        "dmean2": 4.18808031082,
        "dvar": 10.5213537216,
        "dvar2": 26.3013420105,
        "max": 38.478477478,
        "mean": 28.6724281311,
        "median": 29.8243713379,
        "min": 2.65768384933,
        "var": 28.0723762512
    },
    "melbands_flatness_db": {
        "dmean": 0.0267599634826,
        "dmean2": 0.0411969982088,
        "dvar": 0.00080620549852,
        "dvar2": 0.00164255057462,
        "max": 0.568550050259,
        "mean": 0.397717833519,
        "median": 0.416754573584,
        "min": 0.0070861321874,
        "var": 0.00625611841679
    },
    "melbands_kurtosis": {
        "dmean": 22.7534370422,
        "dmean2": 35.6257629395,
        "dvar": 775.266113281,
        "dvar2": 1969.11633301,
        "max": 276.9949646,
        "mean": 56.6649055481,
        "median": 41.6487236023,
        "min": -1.96225237846,
        "var": 2533.17138672
    },
    "melbands_skewness": {
        "dmean": 1.23957419395,
        "dmean2": 1.91823220253,
        "dvar": 1.32434523106,
        "dvar2": 3.30686378479,
        "max": 13.4763069153,
        "mean": 5.39688444138,
        "median": 5.29302692413,
        "min": -2.72811722755,
        "var": 8.20407009125
    },
    "melbands_spread": {
        "dmean": 2.8804936409,
        "dmean2": 4.59331941605,
        "dvar": 95.8562469482,
        "dvar2": 241.162017822,
        "max": 144.248672485,
        "mean": 6.03048086166,
        "median": 2.53559041023,
        "min": 0.382410377264,
        "var": 233.778182983
    },
    "pitch_salience": {
        "dmean": 0.0706010684371,
        "dmean2": 0.111876346171,
        "dvar": 0.00608063396066,
        "dvar2": 0.0139821069315,
        "max": 0.895049870014,
        "mean": 0.275755941868,
        "median": 0.251199424267,
        "min": 0.0390682667494,
        "var": 0.0200865585357
    },
    "silence_rate_20dB": {
        "dmean": 0,
        "dmean2": 0,
        "dvar": 0,
        "dvar2": 0,
        "max": 1,
        "mean": 1,
        "median": 1,
        "min": 1,
        "var": 0
    },
    "silence_rate_30dB": {
        "dmean": 0,
        "dmean2": 0,
        "dvar": 0,
        "dvar2": 0,
        "max": 1,
        "mean": 1,
        "median": 1,
        "min": 1,
        "var": 0
    },
    "silence_rate_60dB": {
        "dmean": 0.0348027832806,
        "dmean2": 0.0685249716043,
        "dvar": 0.0335915125906,
        "dvar2": 0.0731209591031,
        "max": 1,
        "mean": 0.283893406391,
        "median": 0,
        "min": 0,
        "var": 0.20329862833
    },
    "spectral_centroid": {
        "dmean": 108.018104553,
        "dmean2": 155.866912842,
        "dvar": 121407.773438,
        "dvar2": 163860.3125,
        "max": 11073.7587891,
        "mean": 1076.98010254,
        "median": 1046.14599609,
        "min": 514.25378418,
        "var": 315954.9375
    },
    "spectral_complexity": {
        "dmean": 0.573085844517,
        "dmean2": 0.99651569128,
        "dvar": 0.497558295727,
        "dvar2": 1.14400279522,
        "max": 9,
        "mean": 3.2815759182,
        "median": 4,
        "min": 0,
        "var": 3.60205364227
    },
    "spectral_decrease": {
        "dmean": 1.43739542491e-09,
        "dmean2": 2.0233930087e-09,
        "dvar": 3.72546762334e-18,
        "dvar2": 8.77326617392e-18,
        "max": -4.19487703967e-30,
        "mean": -5.21541254628e-09,
        "median": -4.68019667466e-09,
        "min": -2.28309495753e-08,
        "var": 2.26707789306e-17
    },
    "spectral_energy": {
        "dmean": 0.00591506203637,
        "dmean2": 0.00832447968423,
        "dvar": 6.31155417068e-05,
        "dvar2": 0.000148707025801,
        "max": 0.0925416275859,
        "mean": 0.0214843954891,
        "median": 0.0190489850938,
        "min": 1.07675303948e-20,
        "var": 0.000385855615605
    },
    "spectral_energyband_high": {
        "dmean": 1.32413770189e-05,
        "dmean2": 1.81671130122e-05,
        "dvar": 6.00485550173e-10,
        "dvar2": 1.1809790923e-09,
        "max": 0.000594557204749,
        "mean": 4.65528537461e-05,
        "median": 2.16087373701e-05,
        "min": 8.03586012594e-21,
        "var": 4.72239802818e-09
    },
    "spectral_energyband_low": {
        "dmean": 2.0927782316e-06,
        "dmean2": 3.79360335501e-06,
        "dvar": 5.87953210424e-12,
        "dvar2": 1.65163559912e-11,
        "max": 2.5845329219e-05,
        "mean": 3.08803373628e-06,
        "median": 2.21367986342e-06,
        "min": 3.14863985335e-23,
        "var": 7.9781025536e-12
    },
    "spectral_energyband_middle_high": {
        "dmean": 0.00410629808903,
        "dmean2": 0.0058958507143,
        "dvar": 4.52113963547e-05,
        "dvar2": 0.000103978898551,
        "max": 0.0837723612785,
        "mean": 0.0139450011775,
        "median": 0.00247317203321,
        "min": 1.72819517271e-21,
        "var": 0.000308333517751
    },
    "spectral_energyband_middle_low": {
        "dmean": 0.00247782096267,
        "dmean2": 0.00332025834359,
        "dvar": 3.45220760209e-05,
        "dvar2": 7.11327884346e-05,
        "max": 0.0920641720295,
        "mean": 0.00917234737426,
        "median": 0.000287478149403,
        "min": 2.30236060274e-22,
        "var": 0.000253273406997
    },
    "spectral_entropy": {
        "dmean": 0.251472264528,
        "dmean2": 0.371086478233,
        "dvar": 0.0760798677802,
        "dvar2": 0.156629696488,
        "max": 9.79873657227,
        "mean": 5.97707176208,
        "median": 5.77715539932,
        "min": 4.2164478302,
        "var": 0.747732579708
    },
    "spectral_flux": {
        "dmean": 0.0226500686258,
        "dmean2": 0.0371986068785,
        "dvar": 0.000991801614873,
        "dvar2": 0.00260409992188,
        "max": 0.251502245665,
        "mean": 0.0388822518289,
        "median": 0.0273573175073,
        "min": 1.03766710502e-10,
        "var": 0.00150788144674
    },
    "spectral_kurtosis": {
        "dmean": 3.29074692726,
        "dmean2": 5.49487113953,
        "dvar": 8.89318943024,
        "dvar2": 23.3476905823,
        "max": 47.4982032776,
        "mean": 9.99980831146,
        "median": 9.14979362488,
        "min": -1.16114413738,
        "var": 32.1581954956
    },
    "spectral_rms": {
        "dmean": 0.000590495765209,
        "dmean2": 0.000804826966487,
        "dvar": 4.88445948577e-07,
        "dvar2": 9.85394080999e-07,
        "max": 0.00950181670487,
        "mean": 0.00383382989094,
        "median": 0.00431095995009,
        "min": 3.24112763538e-12,
        "var": 6.2621120378e-06
    },
    "spectral_rolloff": {
        "dmean": 130.148178101,
        "dmean2": 217.707336426,
        "dvar": 365776.375,
        "dvar2": 628139.3125,
        "max": 18798.4863281,
        "mean": 969.417297363,
        "median": 904.39453125,
        "min": 21.533203125,
        "var": 1188998.5
    },
    "spectral_skewness": {
        "dmean": 0.330536812544,
        "dmean2": 0.539503693581,
        "dvar": 0.0798703432083,
        "dvar2": 0.194563999772,
        "max": 4.68314552307,
        "mean": 2.37689971924,
        "median": 2.39315867424,
        "min": 0.0179489739239,
        "var": 0.401817321777
    },
    "spectral_spread": {
        "dmean": 411745.71875,
        "dmean2": 619853.5,
        "dvar": 1.25180667494e+12,
        "dvar2": 1.18607105229e+12,
        "max": 40391856,
        "mean": 3535978,
        "median": 3402114.75,
        "min": 1329957.375,
        "var": 2.49170834227e+12
    },
    "spectral_strongpeak": {
        "dmean": 0.81589359045,
        "dmean2": 1.23869919777,
        "dvar": 1.02799892426,
        "dvar2": 2.4243042469,
        "max": 11.455532074,
        "mean": 3.49212956429,
        "median": 3.05721855164,
        "min": 0,
        "var": 7.61647605896
    },
    "zerocrossingrate": {
        "dmean": 0.00368080218323,
        "dmean2": 0.00448243319988,
        "dvar": 0.00015117318253,
        "dvar2": 0.000137037990498,
        "max": 0.517578125,
        "mean": 0.0409505590796,
        "median": 0.04052734375,
        "min": 0.00146484375,
        "var": 0.00102269591298
    },
    "barkbands": {
        "dmean": [2.68798794423e-06, 9.62953777162e-07, 8.43662704142e-08, 2.28492886833e-08, 5.92936117982e-08, 1.13388473721e-07, 0.000124394762679, 0.000563380366657, 0.00122068426572, 0.00155402347445, 0.00303338631056, 8.90771698323e-05, 9.2621139629e-06, 0.000189913029317, 0.000105342180177, 0.000169029503013, 6.76355848555e-05, 3.92711663153e-05, 1.08870954136e-05, 7.93230537965e-06, 7.29715884518e-06, 3.08776861857e-06, 1.42188525842e-06, 6.71558325394e-07, 4.07963597127e-07, 2.99619131283e-07, 1.07617594836e-08],
        "dmean2": [4.58908971268e-06, 1.80619849743e-06, 1.49282456618e-07, 3.83571503448e-08, 9.84864172437e-08, 1.89486755175e-07, 0.000158686423674, 0.000736563524697, 0.00163936638273, 0.00194270198699, 0.00463358964771, 0.000125712016597, 1.22463434309e-05, 0.000274315389106, 0.000135285852593, 0.000220936053665, 8.72719319887e-05, 5.82835527894e-05, 1.58904040291e-05, 1.21689536172e-05, 1.0562935131e-05, 4.45159139417e-06, 2.21260688704e-06, 1.04857497263e-06, 5.72046531033e-07, 4.13204077176e-07, 1.85562374355e-08],
        "dvar": [1.19617033292e-11, 1.22892852578e-12, 4.19673383502e-14, 2.55334117836e-14, 2.52615745162e-13, 5.47654586611e-13, 7.068676382e-07, 3.77642777494e-06, 2.24268351303e-05, 1.43461384141e-05, 4.16515831603e-05, 1.79278956125e-07, 2.33038788267e-09, 5.03646731431e-07, 8.89571580842e-08, 4.52700874121e-07, 5.88293502801e-08, 7.85102738377e-09, 5.39697952995e-10, 3.33001348718e-10, 2.06306749462e-10, 4.19496520854e-11, 9.79243682669e-12, 1.01153200399e-12, 4.04834531783e-13, 2.80642398426e-13, 7.99216243316e-16],
        "dvar2": [3.07071694461e-11, 3.72667998891e-12, 1.08584128288e-13, 6.48524338615e-14, 6.39764662688e-13, 1.39264674012e-12, 1.07564142127e-06, 7.00800273989e-06, 4.41907905042e-05, 2.16131211346e-05, 0.000102508020063, 3.48172648046e-07, 3.56711638005e-09, 8.94514698757e-07, 1.36106635296e-07, 6.5355800416e-07, 1.07281813655e-07, 1.83384614161e-08, 1.03464936618e-09, 6.81754819265e-10, 3.69194508298e-10, 8.34326149834e-11, 2.4678880467e-11, 2.62311808559e-12, 7.79382417979e-13, 4.80159911397e-13, 2.17864116166e-15],
        "max": [3.2406700484e-05, 1.04459759314e-05, 3.96331597585e-06, 3.40702695212e-06, 1.06802835944e-05, 1.55146190082e-05, 0.0160187389702, 0.0316350013018, 0.0799091160297, 0.050842333585, 0.0741617307067, 0.00672429520637, 0.00126284873113, 0.0121700800955, 0.00768544711173, 0.0181930381805, 0.00362276379019, 0.0011911020847, 0.000301031104755, 0.000487760495162, 0.000281394837657, 9.72400739556e-05, 4.73165273434e-05, 1.77238216565e-05, 1.08877384264e-05, 1.23869012896e-05, 3.93297568735e-07],
        "mean": [3.45947114511e-06, 1.00157831184e-06, 9.93868169985e-08, 2.10341983831e-08, 6.41445936367e-08, 1.19804042242e-07, 0.000299767882098, 0.0019427355146, 0.0042088967748, 0.00485462835059, 0.00884574092925, 0.000119293188618, 1.72141972143e-05, 0.000344720843714, 0.00022550697031, 0.000325483037159, 0.000125214719446, 9.7760654171e-05, 2.108485387e-05, 1.78864556801e-05, 1.72721229319e-05, 7.28343457013e-06, 4.07574725614e-06, 2.23377742259e-06, 1.62572564477e-06, 1.20884533317e-06, 1.13985567651e-08],
        "median": [2.10032658288e-06, 6.53471147416e-07, 6.02652292514e-08, 1.08569890855e-08, 3.49365230079e-08, 5.72288705314e-08, 4.91223431709e-07, 5.87498959703e-07, 4.41428574049e-06, 3.29137219524e-05, 9.28765075514e-05, 1.06954644252e-06, 9.06755929009e-07, 5.42233328815e-06, 1.53759629029e-05, 8.46880629979e-06, 3.26740041601e-06, 9.65875460679e-06, 5.58877627554e-06, 5.56556460651e-06, 6.16005854681e-06, 3.52348229171e-06, 2.58201089309e-06, 1.44981959238e-06, 8.29002942737e-07, 4.39210623426e-07, 4.50311010702e-10],
        "min": [2.49230781686e-24, 9.51421945276e-24, 9.83044381295e-24, 1.23313845291e-23, 4.344875472e-23, 5.67059724399e-23, 3.76175769502e-23, 4.12058338399e-23, 3.35115370058e-23, 2.81274035555e-23, 9.7273756647e-23, 7.04384567671e-23, 9.78241796104e-23, 2.40690196451e-22, 1.15783778254e-22, 2.1580126886e-22, 1.12429390223e-22, 1.7461015832e-22, 3.0428119541e-22, 4.04028908208e-22, 4.12847363387e-22, 4.83835378526e-22, 7.03707043439e-22, 1.00429258328e-21, 1.21658032878e-21, 1.7511377217e-21, 2.55636735187e-21],
        "var": [1.5570397402e-11, 1.19689436313e-12, 2.86998106758e-14, 1.39101292198e-14, 1.37062141693e-13, 3.04136625823e-13, 3.14066460305e-06, 2.91404248856e-05, 0.000163497723406, 9.79491160251e-05, 0.000253114907537, 3.16092837238e-07, 8.83641959604e-09, 1.4279894458e-06, 4.86269357225e-07, 1.32690661303e-06, 1.85565497191e-07, 3.98760207077e-08, 1.54383339446e-09, 1.62381752489e-09, 8.93322693596e-10, 1.23044588407e-10, 2.49821552334e-11, 6.31594125958e-12, 3.72131492288e-12, 2.73233627564e-12, 1.06973368508e-15]
    },
    "erbbands": {
        "dmean": [7.21771939425e-05, 6.6654101829e-05, 0.000100947676401, 7.63397401897e-05, 0.000107781852421, 0.000248190655839, 0.00070789369056, 0.0068873455748, 0.326835274696, 6.50643396378, 13.2002429962, 25.722026825, 51.8615722656, 50.7209968567, 118.419288635, 7.71751022339, 0.92128008604, 8.82455825806, 6.35689735413, 8.86187076569, 4.54825162888, 2.84505081177, 1.4657125473, 1.46059000492, 0.318191826344, 0.452224910259, 0.227552399039, 0.33763101697, 0.107722684741, 0.0744776949286, 0.0414095446467, 0.021501109004, 0.00775686977431, 0.00442119780928, 0.00344370491803, 0.00230093672872, 0.000304920424242, 3.10697178065e-05, 3.44703653354e-06, 6.99428073858e-06],
        "dmean2": [0.000135739901452, 0.000117675583169, 0.0001767668291, 0.000129537133034, 0.000176705769263, 0.000400134798838, 0.00106264161877, 0.00878088735044, 0.403583884239, 7.90016174316, 17.5974903107, 33.8580818176, 67.6959838867, 67.0362014771, 178.734283447, 11.3118419647, 1.24471366405, 12.9379987717, 8.71838569641, 11.3246269226, 5.95219516754, 3.70560789108, 2.1858727932, 2.18086266518, 0.443770289421, 0.692513346672, 0.331825226545, 0.483323037624, 0.154803261161, 0.11162147671, 0.0643593072891, 0.0343570299447, 0.012204952538, 0.0066429739818, 0.00489684334025, 0.00331728160381, 0.000438929186203, 4.81910392409e-05, 4.84011297885e-06, 9.82419260254e-06],
        "dvar": [6.03619287887e-09, 1.52423620392e-08, 5.41873106386e-08, 1.57458174499e-07, 8.04387468634e-07, 3.86104557037e-06, 1.30592588903e-05, 0.000957192853093, 3.32286548615, 831.531982422, 2255.52294922, 9787.296875, 25711.40625, 11775.4589844, 71644.1015625, 455.02722168, 7.50910520554, 1043.47924805, 287.026672363, 1330.17358398, 127.460113525, 95.4963531494, 9.99720668793, 7.99891757965, 0.438240259886, 1.04710292816, 0.235498338938, 0.60012370348, 0.0490135699511, 0.0285457987338, 0.00876175425947, 0.00105385226198, 0.000130516476929, 4.4867345423e-05, 3.25774890371e-05, 1.66950630955e-05, 3.24968453924e-07, 5.00889685284e-09, 2.24649483044e-11, 8.8171477064e-11],
        "dvar2": [1.86805397817e-08, 4.27387512048e-08, 1.41029417478e-07, 3.98996945705e-07, 2.03793001674e-06, 9.73972782958e-06, 3.1662722904e-05, 0.00145867129322, 4.94889211655, 1206.55969238, 4230.43408203, 17383.4570312, 50700.2695312, 15835.6865234, 180519.203125, 1041.4342041, 11.8642807007, 1885.72875977, 471.750732422, 1782.16699219, 220.770721436, 177.326431274, 23.1451911926, 18.7487277985, 0.766810417175, 2.09609174728, 0.401712596416, 1.08805155754, 0.0993468388915, 0.0652854666114, 0.0200879834592, 0.00270565832034, 0.000304555607727, 0.000100507037132, 6.76911222399e-05, 3.03989745589e-05, 5.62478760457e-07, 1.12749534154e-08, 5.03756029946e-11, 2.07418485165e-10],
        "max": [0.000796826265287, 0.00141792639624, 0.00429297005758, 0.00840623956174, 0.0190883614123, 0.0418656729162, 0.0725842267275, 0.591828286648, 34.9800720215, 509.815155029, 897.335021973, 2103.58300781, 2438.05737305, 1804.77807617, 3636.10473633, 400.167449951, 70.6313095093, 487.758850098, 390.770629883, 1082.04931641, 185.052764893, 161.530181885, 40.2065238953, 43.1090698242, 12.2835159302, 26.175075531, 9.09178924561, 16.1880111694, 3.05437994003, 2.78565454483, 1.5342656374, 0.52074432373, 0.152784049511, 0.0948579087853, 0.0889500305057, 0.092627197504, 0.0134130949154, 0.00118950009346, 6.4696847403e-05, 0.000107393585495],
        "mean": [7.86862219684e-05, 8.01056012278e-05, 0.000126561935758, 9.01673920453e-05, 0.000121434328321, 0.000360907753929, 0.0014099025866, 0.0191737376153, 0.915722489357, 20.7405128479, 46.3787345886, 93.1228256226, 176.375564575, 154.895706177, 336.779632568, 19.538848877, 2.04656767845, 15.7828836441, 15.102560997, 17.6394176483, 9.71147823334, 5.24610948563, 3.51845216751, 3.63234186172, 0.767966449261, 1.03700757027, 0.540047168732, 0.79159027338, 0.264283806086, 0.198853611946, 0.113901287317, 0.0643455833197, 0.0286086276174, 0.0160334464163, 0.0131409903988, 0.00892612710595, 0.00119611783884, 7.83202995081e-05, 1.35711516123e-05, 2.55779577856e-05],
        "median": [5.39126522199e-05, 5.1711267588e-05, 7.54269058234e-05, 5.71771670366e-05, 6.69076180202e-05, 0.000171790539753, 0.000358482328011, 0.00107829563785, 0.00639158161357, 0.0290719401091, 0.0705861672759, 1.1245303154, 5.6872215271, 40.7194442749, 6.39538908005, 0.988881349564, 0.548507213593, 0.804457902908, 1.6050144434, 1.95154368877, 1.12742316723, 0.513264238834, 0.791950166225, 0.894664049149, 0.421209901571, 0.316040068865, 0.258187144995, 0.226990714669, 0.125826582313, 0.0973611325026, 0.0685237273574, 0.0409650504589, 0.0190669354051, 0.00935237761587, 0.00574367307127, 0.00350643112324, 0.000385129736969, 1.79556227522e-05, 1.13013911687e-05, 2.23258048209e-05],
        "min": [1.7700601093e-22, 2.26873993156e-21, 9.85559285007e-21, 3.95259208421e-20, 2.31959554492e-20, 2.31535763368e-19, 3.08885706791e-19, 4.91556473407e-19, 4.25364834555e-19, 7.00344097845e-19, 1.02268950662e-18, 8.93675077057e-19, 7.3233298159e-19, 1.30523186319e-18, 4.53916105601e-18, 2.77780008956e-18, 5.49728725466e-18, 1.32627963932e-17, 8.03889522609e-18, 6.37037060095e-18, 1.08716199015e-17, 7.26569642031e-18, 6.95239183714e-18, 1.35243848173e-17, 2.01692970771e-17, 1.74500533099e-17, 1.69959592778e-17, 1.51922406669e-17, 1.60985047091e-17, 1.8428889216e-17, 2.00030288109e-17, 1.93527705508e-17, 1.95817109833e-17, 1.26727014606e-17, 8.98356691849e-18, 5.58728740044e-18, 3.54953830117e-18, 1.20580702831e-18, 3.09372683528e-19, 4.49801397749e-20],
        "var": [6.43306963255e-09, 1.20694023664e-08, 3.95558643618e-08, 8.89553746219e-08, 4.36163531958e-07, 2.19753246711e-06, 1.57141676027e-05, 0.00503877084702, 16.8555030823, 5268.88183594, 16078.0947266, 83893.703125, 179683, 66314.984375, 409743.15625, 2111.06494141, 28.7527160645, 2777.86132812, 1552.16638184, 3489.18994141, 555.075134277, 294.321685791, 44.3964233398, 38.1863059998, 1.70376205444, 4.9435968399, 0.772763311863, 2.61818742752, 0.156192317605, 0.0860783308744, 0.0219116955996, 0.00536263873801, 0.00101238559, 0.000339079473633, 0.000261460168986, 0.000143220589962, 2.91741594083e-06, 2.08119583789e-08, 1.61060415005e-10, 5.4793447557e-10]
    },
    "gfcc": {
        "mean": [-240.243209839, 14.7932224274, -206.221099854, -26.1619873047, -64.5997772217, 32.009223938, 5.86017560959, 37.9516639709, -0.213497504592, 1.48834133148, -12.186460495, 4.08333015442, 6.84334564209],
        "cov": [[17604.8339844, -5542.02734375, -5357.81103516, -3571.09619141, -696.875366211, 736.344238281, 1453.34484863, 1441.6887207, 202.862258911, -308.705200195, -1132.42553711, 136.783187866, 273.658355713], [-5542.02734375, 3403.53051758, 2207.44482422, 1074.76953125, -359.036987305, -995.006713867, -951.428527832, -498.609191895, 710.829223633, 612.272521973, 490.022216797, -700.912963867, -444.131896973], [-5357.81103516, 2207.44482422, 2013.8972168, 1139.5357666, -70.4468917847, -528.985778809, -636.669494629, -443.812438965, 188.634292603, 322.577758789, 456.571594238, -218.599441528, -259.450775146], [-3571.09619141, 1074.76953125, 1139.5357666, 1171.75158691, 216.800765991, -168.64680481, -308.914733887, -328.204864502, -148.563674927, 12.9896717072, 306.651763916, 93.7892150879, -86.3458633423], [-696.875366211, -359.036987305, -70.4468917847, 216.800765991, 424.961151123, 393.777801514, 157.439056396, -73.2286148071, -398.575775146, -258.347595215, -31.9823532104, 302.697265625, 195.552246094], [736.344238281, -995.006713867, -528.985778809, -168.64680481, 393.777801514, 753.35559082, 396.142608643, 44.4371871948, -559.085144043, -363.275390625, -191.467666626, 423.765441895, 341.45401001], [1453.34484863, -951.428527832, -636.669494629, -308.914733887, 157.439056396, 396.142608643, 431.675476074, 168.288269043, -306.562194824, -288.263458252, -160.647415161, 250.643966675, 210.027420044], [1441.6887207, -498.609191895, -443.812438965, -328.204864502, -73.2286148071, 44.4371871948, 168.288269043, 276.51184082, 81.830329895, -83.5252609253, -196.916885376, -54.3160362244, 24.5904865265], [202.862258911, 710.829223633, 188.634292603, -148.563674927, -398.575775146, -559.085144043, -306.562194824, 81.830329895, 682.510192871, 364.257537842, -12.0928373337, -510.869720459, -274.214141846], [-308.705200195, 612.272521973, 322.577758789, 12.9896717072, -258.347595215, -363.275390625, -288.263458252, -83.5252609253, 364.257537842, 384.270233154, 183.072845459, -261.713623047, -228.630218506], [-1132.42553711, 490.022216797, 456.571594238, 306.651763916, -31.9823532104, -191.467666626, -160.647415161, -196.916885376, -12.0928373337, 183.072845459, 399.355316162, 76.6044158936, -158.061706543], [136.783187866, -700.912963867, -218.599441528, 93.7892150879, 302.697265625, 423.765441895, 250.643966675, -54.3160362244, -510.869720459, -261.713623047, 76.6044158936, 523.546203613, 193.188079834], [273.658355713, -444.131896973, -259.450775146, -86.3458633423, 195.552246094, 341.45401001, 210.027420044, 24.5904865265, -274.214141846, -228.630218506, -158.061706543, 193.188079834, 269.332885742]],
        "icov": [[0.000840361812152, -5.75025114813e-05, 0.00216383161023, -4.67078207294e-05, 0.0018660586793, -0.00011255012214, 4.30389081885e-05, -0.0008660168387, 0.000458625901956, -0.00097958301194, 0.000456874025986, -0.000733567518182, 0.000383797858376], [-5.75025114813e-05, 0.00254798540846, -0.00191929703578, 8.62728302309e-06, 0.000190444086911, -0.000362595659681, 0.00137348705903, 0.00131819688249, -0.00159754324704, 0.00200753589161, -0.00209633191116, 0.00257421820424, -0.00145508139394], [0.00216383161023, -0.00191929703578, 0.00892365351319, -0.00167924293783, 0.00566398352385, -0.000642585684545, 0.000997223309241, -0.00286395498551, 0.00241576810367, -0.00312830531038, 0.00108441500925, -0.00238238018937, 0.00102971703745], [-4.67078207294e-05, 8.62728302309e-06, -0.00167924293783, 0.00339601910673, -0.00231433031149, 0.00135315489024, 0.000580106454436, 0.000450800929684, 0.000527505995706, 0.00120220589451, 2.21025366045e-05, -0.000507930701133, 0.000938999815844], [0.0018660586793, 0.000190444086911, 0.00566398352385, -0.00231433031149, 0.0133623760194, -0.00462225498632, 0.00244819978252, -0.000536033709068, 0.000312106945785, 0.00212243199348, -0.000890521041583, -0.00110185961239, -0.000182695745025], [-0.00011255012214, -0.000362595659681, -0.000642585684545, 0.00135315489024, -0.00462225498632, 0.00932952947915, -0.00361708691344, 0.0002049903851, 0.00500152958557, -0.00539824040607, 0.00512997619808, -0.00220527756028, -0.00123642850667], [4.30389081885e-05, 0.00137348705903, 0.000997223309241, 0.000580106454436, 0.00244819978252, -0.00361708691344, 0.0142196379602, -0.00453705573454, 0.000157137212227, 0.0073886923492, -0.00657140417024, 0.00257288850844, -0.00376837397926], [-0.0008660168387, 0.00131819688249, -0.00286395498551, 0.000450800929684, -0.000536033709068, 0.0002049903851, -0.00453705573454, 0.0134254461154, -0.00459247455001, 0.00402016937733, 0.00278993975371, 0.000465636490844, 0.00292110256851], [0.000458625901956, -0.00159754324704, 0.00241576810367, 0.000527505995706, 0.000312106945785, 0.00500152958557, 0.000157137212227, -0.00459247455001, 0.0143288355321, -0.0082532921806, 0.00481815775856, 0.00234158779494, 0.00185574661009], [-0.00097958301194, 0.00200753589161, -0.00312830531038, 0.00120220589451, 0.00212243199348, -0.00539824040607, 0.0073886923492, 0.00402016937733, -0.0082532921806, 0.0201171208173, -0.0107120564207, 0.00519371405244, -0.000486210687086], [0.000456874025986, -0.00209633191116, 0.00108441500925, 2.21025366045e-05, -0.000890521041583, 0.00512997619808, -0.00657140417024, 0.00278993975371, 0.00481815775856, -0.0107120564207, 0.0156549103558, -0.00822036340833, 0.00703914137557], [-0.000733567518182, 0.00257421820424, -0.00238238018937, -0.000507930701133, -0.00110185961239, -0.00220527756028, 0.00257288850844, 0.000465636490844, 0.00234158779494, 0.00519371405244, -0.00822036340833, 0.0132392356172, -0.00344827864319], [0.000383797858376, -0.00145508139394, 0.00102971703745, 0.000938999815844, -0.000182695745025, -0.00123642850667, -0.00376837397926, 0.00292110256851, 0.00185574661009, -0.000486210687086, 0.00703914137557, -0.00344827864319, 0.0146695682779]]
    },
    "melbands": {
        "dmean": [5.38732933819e-07, 5.53862378183e-08, 1.33981128414e-08, 1.17501164354e-08, 1.51828203343e-08, 2.48079210508e-08, 8.88717568159e-06, 8.06056777947e-05, 0.000120032578707, 0.000173362670466, 0.000252341123996, 0.00018731727323, 0.000462965574116, 6.27467670711e-05, 9.59609565143e-07, 9.75831881078e-07, 2.03028175747e-05, 1.04458977148e-05, 9.48253909883e-06, 1.49041061377e-05, 4.27414261139e-06, 4.30298268839e-06, 3.70352154277e-07, 2.57773717749e-06, 1.14927263439e-06, 2.57507934975e-07, 1.93680975258e-07, 3.55751581083e-07, 1.72501529505e-07, 1.7884393344e-07, 1.93084588318e-07, 6.15786248659e-08, 7.56724602979e-08, 3.69631969477e-08, 2.88587713726e-08, 1.83941466503e-08, 1.25578081267e-08, 6.36247143859e-09, 5.05516828397e-09, 3.89909082799e-09],
        "dmean2": [9.91262481875e-07, 9.56941619279e-08, 2.27217675786e-08, 1.93582572194e-08, 2.5624169453e-08, 4.10728944189e-08, 1.13133446575e-05, 9.46036743699e-05, 0.00016278840485, 0.000227998578339, 0.000327808520524, 0.000237312706304, 0.000698331161402, 9.39794190344e-05, 1.31395358949e-06, 1.23154575249e-06, 2.97900605801e-05, 1.4673943042e-05, 1.17554172903e-05, 1.94937510969e-05, 5.53286918148e-06, 5.59076397622e-06, 5.8593036556e-07, 3.87926775147e-06, 1.72188890701e-06, 3.78715157012e-07, 2.87497044837e-07, 5.49545802642e-07, 2.59565126726e-07, 2.56459742332e-07, 2.84946850115e-07, 8.87389006721e-08, 1.09297168649e-07, 5.83136348098e-08, 4.54458977117e-08, 2.88266814863e-08, 2.04917380842e-08, 1.04016155689e-08, 8.19212964132e-09, 6.10527939315e-09],
        "dvar": [3.65952331372e-13, 1.59293236289e-14, 6.60249646297e-15, 1.03001501845e-14, 1.31298771971e-14, 2.44311644212e-14, 3.56286156133e-09, 1.10593262548e-07, 1.81282899803e-07, 4.26399168418e-07, 6.39109600797e-07, 2.01253982368e-07, 9.89695308817e-07, 5.38937321437e-08, 1.62505026796e-11, 1.77611276381e-11, 5.7327746994e-09, 8.66136939948e-10, 6.70697830607e-10, 3.49680617795e-09, 1.29077401545e-10, 2.41596270767e-10, 1.72826379943e-12, 3.65210257869e-11, 5.25452728203e-12, 3.30635773751e-13, 1.96822484526e-13, 8.06716943681e-13, 1.59387436517e-13, 1.41074475777e-13, 1.90457811198e-13, 1.61900268176e-14, 5.2155277845e-14, 8.70673975625e-15, 6.31459970508e-15, 7.60495879138e-16, 3.83822524485e-16, 9.32751821249e-17, 6.4751599089e-17, 3.35621849924e-17],
        "dvar2": [1.06901694528e-12, 4.23008219977e-14, 1.67145570523e-14, 2.60414655335e-14, 3.34630225276e-14, 6.20497509168e-14, 5.43667999509e-09, 1.61403832522e-07, 3.43574356521e-07, 7.76185515861e-07, 1.25253143324e-06, 2.51654086014e-07, 2.42179476118e-06, 1.1790701393e-07, 2.71370044491e-11, 2.72405657059e-11, 1.0334736622e-08, 1.49362211488e-09, 9.21818510413e-10, 5.12895237392e-09, 2.43354114637e-10, 4.44315750858e-10, 3.78631674625e-12, 8.03839633745e-11, 1.17880418968e-11, 6.76117961531e-13, 3.61372824026e-13, 1.63736168721e-12, 2.79849575588e-13, 2.33364434547e-13, 3.82391411287e-13, 3.20567038897e-14, 1.05277284557e-13, 2.27441932746e-14, 1.46791893961e-14, 1.89101312496e-15, 9.94921723471e-16, 2.32990097018e-16, 1.62741088666e-16, 7.6029981748e-17],
        "max": [6.2738458837e-06, 2.04936077353e-06, 1.73040007212e-06, 2.15552722693e-06, 2.41176712734e-06, 3.26635131387e-06, 0.00110185611993, 0.00521762436256, 0.00753797730431, 0.0125139337033, 0.011880540289, 0.00741477916017, 0.0122830802575, 0.00431633088738, 7.91763013694e-05, 0.000114551607112, 0.00116421619896, 0.000510575482622, 0.000591846415773, 0.00156280840747, 0.000149019426317, 0.000249827833613, 2.35289371631e-05, 8.21811263449e-05, 3.35728582286e-05, 7.79405490903e-06, 9.89389718598e-06, 2.50309494731e-05, 6.5115086727e-06, 7.9538576756e-06, 7.48609363654e-06, 1.90470098005e-06, 4.09983067584e-06, 1.59986859671e-06, 1.27707721731e-06, 3.33920837647e-07, 2.83518431843e-07, 1.16243995762e-07, 1.00498375843e-07, 8.66662119847e-08],
        "mean": [7.16795909739e-07, 7.27942079948e-08, 1.56754254022e-08, 1.25352253022e-08, 1.61223923101e-08, 2.61396699841e-08, 2.13781222556e-05, 0.000252330006333, 0.00042072677752, 0.000608070578892, 0.000850331620313, 0.000525353010744, 0.00132870068774, 0.000132064204081, 1.64165771821e-06, 1.79902690434e-06, 3.58054312528e-05, 2.4841625418e-05, 1.83037373063e-05, 2.97631013382e-05, 8.69150608196e-06, 7.63167372497e-06, 5.13692612003e-07, 6.26364817435e-06, 2.63321317107e-06, 5.47813726826e-07, 3.84172665235e-07, 7.8496009337e-07, 3.40790478504e-07, 3.83882394317e-07, 4.35486185779e-07, 1.29693816575e-07, 1.56040059096e-07, 8.79732979797e-08, 6.77779468106e-08, 5.07068946831e-08, 3.44504798022e-08, 2.00611260937e-08, 1.5611078652e-08, 1.23747412317e-08],
        "median": [5.09658377723e-07, 4.57215527661e-08, 1.00200994169e-08, 6.72318911654e-09, 9.07959929464e-09, 1.22826486759e-08, 6.41383692823e-08, 1.7748487835e-07, 8.68988649927e-08, 1.33418745918e-06, 2.3384452561e-06, 4.20622636739e-05, 1.73105090653e-05, 9.08284278012e-07, 5.82043426789e-08, 1.20510151191e-07, 6.15079443378e-07, 1.13135104129e-06, 1.77266065293e-06, 7.06912146597e-07, 3.43780101275e-07, 2.06219525012e-07, 1.10614962523e-07, 5.00297971939e-07, 5.40060625553e-07, 1.78491873726e-07, 1.69810149941e-07, 1.71678038896e-07, 1.30096879047e-07, 1.26025739178e-07, 1.05915511028e-07, 6.68834374551e-08, 5.90006195011e-08, 4.88854894343e-08, 3.95631651884e-08, 3.22433777455e-08, 2.09338253399e-08, 1.27328476651e-08, 9.66474988928e-09, 7.31893345929e-09],
        "min": [1.86054027788e-24, 4.78674328629e-24, 5.3582935225e-24, 7.96659347472e-24, 1.20763126663e-23, 1.10310908996e-23, 6.61175326899e-24, 6.93024402656e-24, 8.14057911395e-24, 5.54887561189e-24, 3.90459918459e-24, 4.31970134279e-24, 1.63503697283e-23, 8.09408128561e-24, 8.51655810998e-24, 1.28792886597e-23, 2.63041535215e-23, 1.17297652818e-23, 8.09199080421e-24, 1.03473985636e-23, 1.31361488702e-23, 7.70005078548e-24, 4.59212144021e-24, 8.6769177548e-24, 1.08454553625e-23, 1.31951556659e-23, 1.7453882005e-23, 9.59907958692e-24, 9.20297122717e-24, 1.24637064797e-23, 7.22090850456e-24, 8.80571270821e-24, 9.8538737707e-24, 1.04196195684e-23, 1.10321069524e-23, 1.37251463431e-23, 1.05902280941e-23, 1.36496570876e-23, 1.37582990115e-23, 9.12595158155e-24],
        "var": [4.58935190198e-13, 1.1835848023e-14, 3.65475319686e-15, 5.55679320849e-15, 7.16974849852e-15, 1.37652171291e-14, 1.57644883814e-08, 7.51543552724e-07, 1.3131251535e-06, 3.45645366906e-06, 4.51454752692e-06, 1.08730296233e-06, 5.88083457842e-06, 2.13051038145e-07, 4.8719694945e-11, 7.03638466937e-11, 1.53172496908e-08, 4.07375866374e-09, 2.53796716976e-09, 1.1272711653e-08, 4.69093042188e-10, 7.3979955495e-10, 2.64131750326e-12, 1.79427986358e-10, 2.12795510379e-11, 1.30687051892e-12, 4.61707386733e-13, 4.07315197196e-12, 5.22860671859e-13, 5.80330542736e-13, 7.84516982627e-13, 4.29478298086e-14, 1.19063694451e-13, 1.54639484811e-14, 1.06291284639e-14, 3.26312751369e-15, 1.61788269244e-15, 5.09160133743e-16, 3.44185379491e-16, 2.06595451886e-16]
    },
    "mfcc": {
        "mean": [-876.698852539, 41.2191123962, -65.9501342773, -26.0235099792, -29.3467922211, -3.09269785881, 7.64464139938, 30.5208740234, 31.5444374084, 23.0243988037, 1.8644837141, -4.18625497818, 7.57544994354],
